date,serial_number,model,capacity_bytes,failure,smart_1_normalized,smart_1_raw,smart_2_normalized,smart_2_raw,smart_3_normalized,smart_3_raw,smart_4_normalized,smart_4_raw,smart_5_normalized,smart_5_raw,smart_7_normalized,smart_7_raw,smart_8_normalized,smart_8_raw,smart_9_normalized,smart_9_raw,smart_10_normalized,smart_10_raw,smart_11_normalized,smart_11_raw,smart_12_normalized,smart_12_raw,smart_13_normalized,smart_13_raw,smart_15_normalized,smart_15_raw,smart_183_normalized,smart_183_raw,smart_184_normalized,smart_184_raw,smart_187_normalized,smart_187_raw,smart_188_normalized,smart_188_raw,smart_189_normalized,smart_189_raw,smart_190_normalized,smart_190_raw,smart_191_normalized,smart_191_raw,smart_192_normalized,smart_192_raw,smart_193_normalized,smart_193_raw,smart_194_normalized,smart_194_raw,smart_195_normalized,smart_195_raw,smart_196_normalized,smart_196_raw,smart_197_normalized,smart_197_raw,smart_198_normalized,smart_198_raw,smart_199_normalized,smart_199_raw,smart_200_normalized,smart_200_raw,smart_201_normalized,smart_201_raw,smart_223_normalized,smart_223_raw,smart_225_normalized,smart_225_raw,smart_240_normalized,smart_240_raw,smart_241_normalized,smart_241_raw,smart_242_normalized,smart_242_raw,smart_250_normalized,smart_250_raw,smart_251_normalized,smart_251_raw,smart_252_normalized,smart_252_raw,smart_254_normalized,smart_254_raw,smart_255_normalized,smart_255_raw
2013-09-18,W300D3HY,ST4000DM000,4000787030016,0,,135824016,,,,,,,,0,,,,,,2273,,,,,,,,,,,,,,,,,,,,,,,,,,,,,,21,,,,,,0,,,,,,,,,,,,,,,,,,,,,,,,,,,,
2013-09-18,MJ1323YNG1MB4C,Hitachi HDS5C3030ALA630,3000592982016,0,,0,,,,,,,,0,,,,,,17303,,,,,,,,,,,,,,,,,,,,,,,,,,,,,,30,,,,,,0,,,,,,,,,,,,,,,,,,,,,,,,,,,,
2013-09-18,W300BR20,ST4000DM000,4000787030016,0,,85032552,,,,,,,,0,,,,,,1571,,,,,,,,,,,,,,,,,,,,,,,,,,,,,,22,,,,,,0,,,,,,,,,,,,,,,,,,,,,,,,,,,,
2013-09-18,W300CJ6Y,ST4000DM000,4000787030016,0,,89349344,,,,,,,,0,,,,,,2122,,,,,,,,,,,,,,,,,,,,,,,,,,,,,,21,,,,,,0,,,,,,,,,,,,,,,,,,,,,,,,,,,,
2013-09-18,PL1331LAGB4EVH,Hitachi HDS5C4040ALE630,4000787030016,0,,0,,,,,,,,0,,,,,,3067,,,,,,,,,,,,,,,,,,,,,,,,,,,,,,29,,,,,,0,,,,,,,,,,,,,,,,,,,,,,,,,,,,
2013-09-18,Z300MGNF,ST4000DM000,4000787030016,0,,29819384,,,,,,,,0,,,,,,886,,,,,,,,,,,,,,,,,,,,,,,,,,,,,,25,,,,,,0,,,,,,,,,,,,,,,,,,,,,,,,,,,,
2013-09-18,W30068RN,ST4000DM000,4000787030016,0,,23662608,,,,,,,,0,,,,,,859,,,,,,,,,,,,,,,,,,,,,,,,,,,,,,20,,,,,,0,,,,,,,,,,,,,,,,,,,,,,,,,,,,
2013-09-18,W300D3HL,ST4000DM000,4000787030016,0,,232939672,,,,,,,,0,,,,,,126,,,,,,,,,,,,,,,,,,,,,,,,,,,,,,21,,,,,,0,,,,,,,,,,,,,,,,,,,,,,,,,,,,
2013-09-18,Z300GQ68,ST4000DM000,4000787030016,0,,101300384,,,,,,,,0,,,,,,1570,,,,,,,,,,,,,,,,,,,,,,,,,,,,,,25,,,,,,0,,,,,,,,,,,,,,,,,,,,,,,,,,,,
2013-09-18,W3005Q1G,ST4000DM000,4000787030016,0,,41960688,,,,,,,,0,,,,,,886,,,,,,,,,,,,,,,,,,,,,,,,,,,,,,23,,,,,,0,,,,,,,,,,,,,,,,,,,,,,,,,,,,
2013-09-18,W30065MC,ST4000DM000,4000787030016,0,,124607480,,,,,,,,0,,,,,,905,,,,,,,,,,,,,,,,,,,,,,,,,,,,,,21,,,,,,0,,,,,,,,,,,,,,,,,,,,,,,,,,,,
2013-09-18,W30065MF,ST4000DM000,4000787030016,0,,161012984,,,,,,,,0,,,,,,837,,,,,,,,,,,,,,,,,,,,,,,,,,,,,,20,,,,,,0,,,,,,,,,,,,,,,,,,,,,,,,,,,,
2013-09-18,Z300GQ62,ST4000DM000,4000787030016,0,,216399104,,,,,,,,0,,,,,,1567,,,,,,,,,,,,,,,,,,,,,,,,,,,,,,23,,,,,,0,,,,,,,,,,,,,,,,,,,,,,,,,,,,
2013-09-18,Z300GQ61,ST4000DM000,4000787030016,0,,111653744,,,,,,,,0,,,,,,1566,,,,,,,,,,,,,,,,,,,,,,,,,,,,,,22,,,,,,0,,,,,,,,,,,,,,,,,,,,,,,,,,,,
2013-09-18,Z300GPK0,ST4000DM000,4000787030016,0,,219986784,,,,,,,,0,,,,,,1571,,,,,,,,,,,,,,,,,,,,,,,,,,,,,,26,,,,,,0,,,,,,,,,,,,,,,,,,,,,,,,,,,,
2013-09-18,Z300GPK3,ST4000DM000,4000787030016,0,,225845904,,,,,,,,0,,,,,,1635,,,,,,,,,,,,,,,,,,,,,,,,,,,,,,28,,,,,,0,,,,,,,,,,,,,,,,,,,,,,,,,,,,
2013-09-18,Z300GPK2,ST4000DM000,4000787030016,0,,36373744,,,,,,,,0,,,,,,1571,,,,,,,,,,,,,,,,,,,,,,,,,,,,,,26,,,,,,0,,,,,,,,,,,,,,,,,,,,,,,,,,,,
2013-09-18,Z300GQCT,ST4000DM000,4000787030016,0,,24372520,,,,,,,,0,,,,,,1566,,,,,,,,,,,,,,,,,,,,,,,,,,,,,,21,,,,,,0,,,,,,,,,,,,,,,,,,,,,,,,,,,,
2013-09-18,W3005PYL,ST4000DM000,4000787030016,0,,16310248,,,,,,,,0,,,,,,887,,,,,,,,,,,,,,,,,,,,,,,,,,,,,,25,,,,,,0,,,,,,,,,,,,,,,,,,,,,,,,,,,,
2013-09-18,W3006EBD,ST4000DM000,4000787030016,0,,59181352,,,,,,,,0,,,,,,837,,,,,,,,,,,,,,,,,,,,,,,,,,,,,,24,,,,,,0,,,,,,,,,,,,,,,,,,,,,,,,,,,,
2013-09-18,PL2321LAGARYHJ,Hitachi HDS5C4040ALE630,4000787030016,0,,0,,,,,,,,0,,,,,,3071,,,,,,,,,,,,,,,,,,,,,,,,,,,,,,26,,,,,,0,,,,,,,,,,,,,,,,,,,,,,,,,,,,
2013-09-18,Z300GYTD,ST4000DM000,4000787030016,0,,76750704,,,,,,,,0,,,,,,1567,,,,,,,,,,,,,,,,,,,,,,,,,,,,,,25,,,,,,0,,,,,,,,,,,,,,,,,,,,,,,,,,,,
2013-09-18,W300B2HH,ST4000DM000,4000787030016,0,,206568744,,,,,,,,0,,,,,,1571,,,,,,,,,,,,,,,,,,,,,,,,,,,,,,23,,,,,,0,,,,,,,,,,,,,,,,,,,,,,,,,,,,
2013-09-18,Z300GYTF,ST4000DM000,4000787030016,0,,124292952,,,,,,,,0,,,,,,1565,,,,,,,,,,,,,,,,,,,,,,,,,,,,,,18,,,,,,0,,,,,,,,,,,,,,,,,,,,,,,,,,,,
2013-09-18,Z300MGEW,ST4000DM000,4000787030016,0,,113564608,,,,,,,,0,,,,,,887,,,,,,,,,,,,,,,,,,,,,,,,,,,,,,26,,,,,,0,,,,,,,,,,,,,,,,,,,,,,,,,,,,
2013-09-18,JK11A8B9J7R20F,Hitachi HDS722020ALA330,2000398934016,0,,65536,,,,,,,,0,,,,,,22479,,,,,,,,,,,,,,,,,,,,,,,,,,,,,,30,,,,,,0,,,,,,,,,,,,,,,,,,,,,,,,,,,,
2013-09-18,W300B2HQ,ST4000DM000,4000787030016,0,,106388592,,,,,,,,0,,,,,,1570,,,,,,,,,,,,,,,,,,,,,,,,,,,,,,18,,,,,,0,,,,,,,,,,,,,,,,,,,,,,,,,,,,
2013-09-18,W300BNT9,ST4000DM000,4000787030016,0,,100238712,,,,,,,,0,,,,,,1570,,,,,,,,,,,,,,,,,,,,,,,,,,,,,,19,,,,,,0,,,,,,,,,,,,,,,,,,,,,,,,,,,,
2013-09-18,Z300GPKQ,ST4000DM000,4000787030016,0,,36762096,,,,,,,,0,,,,,,1566,,,,,,,,,,,,,,,,,,,,,,,,,,,,,,22,,,,,,0,,,,,,,,,,,,,,,,,,,,,,,,,,,,
2013-09-18,W1F0A448,ST3000DM001,3000592982016,0,,138121752,,,,,,,,0,,,,,,12699,,,,,,,,,,,,,,,,,,,,,,,,,,,,,,21,,,,,,0,,,,,,,,,,,,,,,,,,,,,,,,,,,,
2013-09-18,W300BNTK,ST4000DM000,4000787030016,0,,43197600,,,,,,,,0,,,,,,1570,,,,,,,,,,,,,,,,,,,,,,,,,,,,,,21,,,,,,0,,,,,,,,,,,,,,,,,,,,,,,,,,,,
2013-09-18,W1F0A11P,ST3000DM001,3000592982016,0,,231014928,,,,,,,,0,,,,,,12695,,,,,,,,,,,,,,,,,,,,,,,,,,,,,,25,,,,,,0,,,,,,,,,,,,,,,,,,,,,,,,,,,,
2013-09-18,Z300GQD9,ST4000DM000,4000787030016,0,,10394576,,,,,,,,0,,,,,,1567,,,,,,,,,,,,,,,,,,,,,,,,,,,,,,23,,,,,,0,,,,,,,,,,,,,,,,,,,,,,,,,,,,
2013-09-18,W300CXXL,ST4000DM000,4000787030016,0,,202281864,,,,,,,,0,,,,,,2119,,,,,,,,,,,,,,,,,,,,,,,,,,,,,,17,,,,,,0,,,,,,,,,,,,,,,,,,,,,,,,,,,,
2013-09-18,W3009CM9,ST4000DM000,4000787030016,0,,119024672,,,,,,,,0,,,,,,2119,,,,,,,,,,,,,,,,,,,,,,,,,,,,,,18,,,,,,0,,,,,,,,,,,,,,,,,,,,,,,,,,,,
2013-09-18,W30062AH,ST4000DM000,4000787030016,0,,160158680,,,,,,,,0,,,,,,905,,,,,,,,,,,,,,,,,,,,,,,,,,,,,,21,,,,,,0,,,,,,,,,,,,,,,,,,,,,,,,,,,,
2013-09-18,MJ1321YNG0JU6A,Hitachi HDS5C3030ALA630,3000592982016,0,,3670023,,,,,,,,18,,,,,,17304,,,,,,,,,,,,,,,,,,,,,,,,,,,,,,27,,,,,,0,,,,,,,,,,,,,,,,,,,,,,,,,,,,
2013-09-18,W3009P49,ST4000DM000,4000787030016,0,,235386744,,,,,,,,0,,,,,,2122,,,,,,,,,,,,,,,,,,,,,,,,,,,,,,21,,,,,,0,,,,,,,,,,,,,,,,,,,,,,,,,,,,
2013-09-18,W300B2H9,ST4000DM000,4000787030016,0,,227547912,,,,,,,,0,,,,,,1570,,,,,,,,,,,,,,,,,,,,,,,,,,,,,,20,,,,,,0,,,,,,,,,,,,,,,,,,,,,,,,,,,,
2013-09-18,Z300GYT1,ST4000DM000,4000787030016,0,,59624064,,,,,,,,0,,,,,,1635,,,,,,,,,,,,,,,,,,,,,,,,,,,,,,28,,,,,,0,,,,,,,,,,,,,,,,,,,,,,,,,,,,
2013-09-18,Z300MW35,ST4000DM000,4000787030016,0,,69525184,,,,,,,,0,,,,,,838,,,,,,,,,,,,,,,,,,,,,,,,,,,,,,23,,,,,,0,,,,,,,,,,,,,,,,,,,,,,,,,,,,
2013-09-18,Z1F0C4Q1,ST3000DM001,3000592982016,0,,29760504,,,,,,,,0,,,,,,12105,,,,,,,,,,,,,,,,,,,,,,,,,,,,,,21,,,,,,0,,,,,,,,,,,,,,,,,,,,,,,,,,,,
2013-09-18,W1F099YL,ST3000DM001,3000592982016,0,,127171792,,,,,,,,0,,,,,,12695,,,,,,,,,,,,,,,,,,,,,,,,,,,,,,22,,,,,,0,,,,,,,,,,,,,,,,,,,,,,,,,,,,
2013-09-18,W300BB6L,ST4000DM000,4000787030016,0,,18197936,,,,,,,,0,,,,,,2119,,,,,,,,,,,,,,,,,,,,,,,,,,,,,,17,,,,,,0,,,,,,,,,,,,,,,,,,,,,,,,,,,,
2013-09-18,W3005WS0,ST4000DM000,4000787030016,0,,86347432,,,,,,,,0,,,,,,859,,,,,,,,,,,,,,,,,,,,,,,,,,,,,,20,,,,,,0,,,,,,,,,,,,,,,,,,,,,,,,,,,,
2013-09-18,Z30041ZN,ST4000DM000,4000787030016,0,,64007528,,,,,,,,0,,,,,,316,,,,,,,,,,,,,,,,,,,,,,,,,,,,,,21,,,,,,0,,,,,,,,,,,,,,,,,,,,,,,,,,,,
2013-09-18,W300BMLS,ST4000DM000,4000787030016,0,,160350536,,,,,,,,0,,,,,,1593,,,,,,,,,,,,,,,,,,,,,,,,,,,,,,22,,,,,,0,,,,,,,,,,,,,,,,,,,,,,,,,,,,
2013-09-18,W3009F3A,ST4000DM000,4000787030016,0,,96181992,,,,,,,,0,,,,,,2124,,,,,,,,,,,,,,,,,,,,,,,,,,,,,,18,,,,,,0,,,,,,,,,,,,,,,,,,,,,,,,,,,,
2013-09-18,W1F1BFHS,ST3000DM001,3000592982016,0,,220261984,,,,,,,,0,,,,,,6027,,,,,,,,,,,,,,,,,,,,,,,,,,,,,,25,,,,,,0,,,,,,,,,,,,,,,,,,,,,,,,,,,,
2013-09-18,W300BR2E,ST4000DM000,4000787030016,0,,172900264,,,,,,,,0,,,,,,1571,,,,,,,,,,,,,,,,,,,,,,,,,,,,,,23,,,,,,0,,,,,,,,,,,,,,,,,,,,,,,,,,,,
2013-09-18,W300BLXC,ST4000DM000,4000787030016,0,,97037184,,,,,,,,0,,,,,,2272,,,,,,,,,,,,,,,,,,,,,,,,,,,,,,19,,,,,,0,,,,,,,,,,,,,,,,,,,,,,,,,,,,
2013-09-18,Z300GPNT,ST4000DM000,4000787030016,0,,203306536,,,,,,,,0,,,,,,1566,,,,,,,,,,,,,,,,,,,,,,,,,,,,,,21,,,,,,0,,,,,,,,,,,,,,,,,,,,,,,,,,,,
2013-09-18,MJ1323YNG1M6RC,Hitachi HDS5C3030ALA630,3000592982016,0,,0,,,,,,,,0,,,,,,17303,,,,,,,,,,,,,,,,,,,,,,,,,,,,,,27,,,,,,0,,,,,,,,,,,,,,,,,,,,,,,,,,,,
2013-09-18,Z300GPT4,ST4000DM000,4000787030016,0,,49093120,,,,,,,,0,,,,,,1566,,,,,,,,,,,,,,,,,,,,,,,,,,,,,,22,,,,,,0,,,,,,,,,,,,,,,,,,,,,,,,,,,,
2013-09-18,Z300GQ6V,ST4000DM000,4000787030016,0,,67073552,,,,,,,,0,,,,,,1566,,,,,,,,,,,,,,,,,,,,,,,,,,,,,,23,,,,,,0,,,,,,,,,,,,,,,,,,,,,,,,,,,,
2013-09-18,Z300GQ6S,ST4000DM000,4000787030016,0,,199543992,,,,,,,,0,,,,,,1569,,,,,,,,,,,,,,,,,,,,,,,,,,,,,,20,,,,,,0,,,,,,,,,,,,,,,,,,,,,,,,,,,,
2013-09-18,Z300GQJZ,ST4000DM000,4000787030016,0,,222555664,,,,,,,,0,,,,,,1566,,,,,,,,,,,,,,,,,,,,,,,,,,,,,,19,,,,,,0,,,,,,,,,,,,,,,,,,,,,,,,,,,,
2013-09-18,Z300GZ26,ST4000DM000,4000787030016,0,,91865232,,,,,,,,0,,,,,,1566,,,,,,,,,,,,,,,,,,,,,,,,,,,,,,19,,,,,,0,,,,,,,,,,,,,,,,,,,,,,,,,,,,
2013-09-18,JK11A8B9J90WXF,Hitachi HDS722020ALA330,2000398934016,0,,0,,,,,,,,0,,,,,,22479,,,,,,,,,,,,,,,,,,,,,,,,,,,,,,31,,,,,,0,,,,,,,,,,,,,,,,,,,,,,,,,,,,
2013-09-18,W300CQ9Q,ST4000DM000,4000787030016,0,,75510504,,,,,,,,0,,,,,,859,,,,,,,,,,,,,,,,,,,,,,,,,,,,,,20,,,,,,0,,,,,,,,,,,,,,,,,,,,,,,,,,,,
2013-09-18,JK11A8B9J8ZVNF,Hitachi HDS722020ALA330,2000398934016,0,,0,,,,,,,,0,,,,,,22480,,,,,,,,,,,,,,,,,,,,,,,,,,,,,,30,,,,,,0,,,,,,,,,,,,,,,,,,,,,,,,,,,,
2013-09-18,W300BH1H,ST4000DM000,4000787030016,0,,149452136,,,,,,,,0,,,,,,1593,,,,,,,,,,,,,,,,,,,,,,,,,,,,,,22,,,,,,0,,,,,,,,,,,,,,,,,,,,,,,,,,,,
2013-09-18,W300DZ53,ST4000DM000,4000787030016,0,,21438904,,,,,,,,0,,,,,,2122,,,,,,,,,,,,,,,,,,,,,,,,,,,,,,21,,,,,,0,,,,,,,,,,,,,,,,,,,,,,,,,,,,
2013-09-18,W300BMQ7,ST4000DM000,4000787030016,0,,21003272,,,,,,,,0,,,,,,1593,,,,,,,,,,,,,,,,,,,,,,,,,,,,,,23,,,,,,0,,,,,,,,,,,,,,,,,,,,,,,,,,,,
2013-09-18,PL1321LAGAY83H,Hitachi HDS5C4040ALE630,4000787030016,0,,0,,,,,,,,0,,,,,,3071,,,,,,,,,,,,,,,,,,,,,,,,,,,,,,25,,,,,,0,,,,,,,,,,,,,,,,,,,,,,,,,,,,
2013-09-18,Z300GZ34,ST4000DM000,4000787030016,0,,177499688,,,,,,,,0,,,,,,1566,,,,,,,,,,,,,,,,,,,,,,,,,,,,,,21,,,,,,0,,,,,,,,,,,,,,,,,,,,,,,,,,,,
2013-09-18,W3009P6Q,ST4000DM000,4000787030016,0,,153435968,,,,,,,,0,,,,,,2123,,,,,,,,,,,,,,,,,,,,,,,,,,,,,,18,,,,,,0,,,,,,,,,,,,,,,,,,,,,,,,,,,,
2013-09-18,W300BHCV,ST4000DM000,4000787030016,0,,99234880,,,,,,,,0,,,,,,1571,,,,,,,,,,,,,,,,,,,,,,,,,,,,,,25,,,,,,0,,,,,,,,,,,,,,,,,,,,,,,,,,,,
2013-09-18,W300BXQS,ST4000DM000,4000787030016,0,,72695504,,,,,,,,0,,,,,,2119,,,,,,,,,,,,,,,,,,,,,,,,,,,,,,20,,,,,,0,,,,,,,,,,,,,,,,,,,,,,,,,,,,
2013-09-18,Z300GYS9,ST4000DM000,4000787030016,0,,54200920,,,,,,,,0,,,,,,1567,,,,,,,,,,,,,,,,,,,,,,,,,,,,,,24,,,,,,0,,,,,,,,,,,,,,,,,,,,,,,,,,,,
2013-09-18,W300BQXR,ST4000DM000,4000787030016,0,,4996888,,,,,,,,0,,,,,,1571,,,,,,,,,,,,,,,,,,,,,,,,,,,,,,21,,,,,,0,,,,,,,,,,,,,,,,,,,,,,,,,,,,
2013-09-18,PL1321LAGAYPJH,Hitachi HDS5C4040ALE630,4000787030016,0,,0,,,,,,,,0,,,,,,3071,,,,,,,,,,,,,,,,,,,,,,,,,,,,,,25,,,,,,0,,,,,,,,,,,,,,,,,,,,,,,,,,,,
2013-09-18,Z300GYS7,ST4000DM000,4000787030016,0,,27078328,,,,,,,,0,,,,,,1571,,,,,,,,,,,,,,,,,,,,,,,,,,,,,,26,,,,,,0,,,,,,,,,,,,,,,,,,,,,,,,,,,,
2013-09-18,W30077ZN,ST4000DM000,4000787030016,0,,30684568,,,,,,,,0,,,,,,2123,,,,,,,,,,,,,,,,,,,,,,,,,,,,,,19,,,,,,0,,,,,,,,,,,,,,,,,,,,,,,,,,,,
2013-09-18,W300B6FF,ST4000DM000,4000787030016,0,,98563224,,,,,,,,0,,,,,,1570,,,,,,,,,,,,,,,,,,,,,,,,,,,,,,19,,,,,,0,,,,,,,,,,,,,,,,,,,,,,,,,,,,
2013-09-18,Z300GPFG,ST4000DM000,4000787030016,0,,77217408,,,,,,,,0,,,,,,1566,,,,,,,,,,,,,,,,,,,,,,,,,,,,,,19,,,,,,0,,,,,,,,,,,,,,,,,,,,,,,,,,,,
2013-09-18,W300B64L,ST4000DM000,4000787030016,0,,151409808,,,,,,,,0,,,,,,1594,,,,,,,,,,,,,,,,,,,,,,,,,,,,,,18,,,,,,0,,,,,,,,,,,,,,,,,,,,,,,,,,,,
2013-09-18,PL1331LAGB9KMH,Hitachi HDS5C4040ALE630,4000787030016,0,,0,,,,,,,,0,,,,,,3071,,,,,,,,,,,,,,,,,,,,,,,,,,,,,,30,,,,,,0,,,,,,,,,,,,,,,,,,,,,,,,,,,,
2013-09-18,W3005T2C,ST4000DM000,4000787030016,0,,115771208,,,,,,,,0,,,,,,886,,,,,,,,,,,,,,,,,,,,,,,,,,,,,,23,,,,,,0,,,,,,,,,,,,,,,,,,,,,,,,,,,,
2013-09-18,Z300GPFK,ST4000DM000,4000787030016,0,,82558816,,,,,,,,0,,,,,,1571,,,,,,,,,,,,,,,,,,,,,,,,,,,,,,26,,,,,,0,,,,,,,,,,,,,,,,,,,,,,,,,,,,
2013-09-18,W3005T2A,ST4000DM000,4000787030016,0,,72710032,,,,,,,,0,,,,,,858,,,,,,,,,,,,,,,,,,,,,,,,,,,,,,17,,,,,,0,,,,,,,,,,,,,,,,,,,,,,,,,,,,
2013-09-18,W300EGSK,ST4000DM000,4000787030016,0,,108792232,,,,,,,,0,,,,,,2273,,,,,,,,,,,,,,,,,,,,,,,,,,,,,,21,,,,,,0,,,,,,,,,,,,,,,,,,,,,,,,,,,,
2013-09-18,W3005VNB,ST4000DM000,4000787030016,0,,167536488,,,,,,,,0,,,,,,859,,,,,,,,,,,,,,,,,,,,,,,,,,,,,,18,,,,,,0,,,,,,,,,,,,,,,,,,,,,,,,,,,,
2013-09-18,W300E0B9,ST4000DM000,4000787030016,0,,58604512,,,,,,,,0,,,,,,2272,,,,,,,,,,,,,,,,,,,,,,,,,,,,,,19,,,,,,0,,,,,,,,,,,,,,,,,,,,,,,,,,,,
2013-09-18,Z300GYSY,ST4000DM000,4000787030016,0,,83101808,,,,,,,,0,,,,,,1570,,,,,,,,,,,,,,,,,,,,,,,,,,,,,,22,,,,,,0,,,,,,,,,,,,,,,,,,,,,,,,,,,,
2013-09-18,W300B6F3,ST4000DM000,4000787030016,0,,243068896,,,,,,,,0,,,,,,1571,,,,,,,,,,,,,,,,,,,,,,,,,,,,,,23,,,,,,0,,,,,,,,,,,,,,,,,,,,,,,,,,,,
2013-09-18,W300BQX1,ST4000DM000,4000787030016,0,,231386328,,,,,,,,0,,,,,,1570,,,,,,,,,,,,,,,,,,,,,,,,,,,,,,22,,,,,,0,,,,,,,,,,,,,,,,,,,,,,,,,,,,
2013-09-18,W300BNMR,ST4000DM000,4000787030016,0,,104887408,,,,,,,,0,,,,,,1594,,,,,,,,,,,,,,,,,,,,,,,,,,,,,,19,,,,,,0,,,,,,,,,,,,,,,,,,,,,,,,,,,,
2013-09-18,W300B646,ST4000DM000,4000787030016,0,,122203904,,,,,,,,0,,,,,,1571,,,,,,,,,,,,,,,,,,,,,,,,,,,,,,23,,,,,,0,,,,,,,,,,,,,,,,,,,,,,,,,,,,
2013-09-18,W300B647,ST4000DM000,4000787030016,0,,168153568,,,,,,,,0,,,,,,1570,,,,,,,,,,,,,,,,,,,,,,,,,,,,,,19,,,,,,0,,,,,,,,,,,,,,,,,,,,,,,,,,,,
2013-09-18,W30065AV,ST4000DM000,4000787030016,0,,230079368,,,,,,,,0,,,,,,859,,,,,,,,,,,,,,,,,,,,,,,,,,,,,,19,,,,,,0,,,,,,,,,,,,,,,,,,,,,,,,,,,,
2013-09-18,Z300MPVY,ST4000DM000,4000787030016,0,,53367376,,,,,,,,0,,,,,,905,,,,,,,,,,,,,,,,,,,,,,,,,,,,,,18,,,,,,0,,,,,,,,,,,,,,,,,,,,,,,,,,,,
2013-09-18,W1F0A658,ST3000DM001,3000592982016,0,,193539216,,,,,,,,0,,,,,,12692,,,,,,,,,,,,,,,,,,,,,,,,,,,,,,23,,,,,,0,,,,,,,,,,,,,,,,,,,,,,,,,,,,
2013-09-18,Z300GYSJ,ST4000DM000,4000787030016,0,,200926920,,,,,,,,0,,,,,,1571,,,,,,,,,,,,,,,,,,,,,,,,,,,,,,24,,,,,,0,,,,,,,,,,,,,,,,,,,,,,,,,,,,
2013-09-18,Z300MHLN,ST4000DM000,4000787030016,0,,237343520,,,,,,,,0,,,,,,906,,,,,,,,,,,,,,,,,,,,,,,,,,,,,,22,,,,,,0,,,,,,,,,,,,,,,,,,,,,,,,,,,,
2013-09-18,Z300GYSM,ST4000DM000,4000787030016,0,,128320056,,,,,,,,0,,,,,,1571,,,,,,,,,,,,,,,,,,,,,,,,,,,,,,27,,,,,,0,,,,,,,,,,,,,,,,,,,,,,,,,,,,
2013-09-18,W300BH4J,ST4000DM000,4000787030016,0,,190251776,,,,,,,,0,,,,,,1594,,,,,,,,,,,,,,,,,,,,,,,,,,,,,,20,,,,,,0,,,,,,,,,,,,,,,,,,,,,,,,,,,,
2013-09-18,W1F0A303,ST3000DM001,3000592982016,0,,44260720,,,,,,,,0,,,,,,12692,,,,,,,,,,,,,,,,,,,,,,,,,,,,,,24,,,,,,0,,,,,,,,,,,,,,,,,,,,,,,,,,,,
2013-09-18,Z1F1AGZW,ST3000DM001,3000592982016,0,,240995376,,,,,,,,336,,,,,,6005,,,,,,,,,,,,,,,,,,,,,,,,,,,,,,32,,,,,,0,,,,,,,,,,,,,,,,,,,,,,,,,,,,
2013-09-18,W300BMZP,ST4000DM000,4000787030016,0,,4635376,,,,,,,,0,,,,,,1594,,,,,,,,,,,,,,,,,,,,,,,,,,,,,,18,,,,,,0,,,,,,,,,,,,,,,,,,,,,,,,,,,,
2013-09-18,W300A1HY,ST4000DM000,4000787030016,0,,58584936,,,,,,,,0,,,,,,2123,,,,,,,,,,,,,,,,,,,,,,,,,,,,,,17,,,,,,0,,,,,,,,,,,,,,,,,,,,,,,,,,,,
2013-09-18,JK11A8B9J7G5NF,Hitachi HDS722020ALA330,2000398934016,0,,0,,,,,,,,0,,,,,,22479,,,,,,,,,,,,,,,,,,,,,,,,,,,,,,31,,,,,,0,,,,,,,,,,,,,,,,,,,,,,,,,,,,
2013-09-18,Z300GQCE,ST4000DM000,4000787030016,0,,59083000,,,,,,,,0,,,,,,1567,,,,,,,,,,,,,,,,,,,,,,,,,,,,,,23,,,,,,0,,,,,,,,,,,,,,,,,,,,,,,,,,,,
2013-09-18,W1F09XG2,ST3000DM001,3000592982016,0,,120838608,,,,,,,,0,,,,,,12693,,,,,,,,,,,,,,,,,,,,,,,,,,,,,,26,,,,,,0,,,,,,,,,,,,,,,,,,,,,,,,,,,,
2013-09-18,Z1F036HA,ST3000DM001,3000592982016,0,,66309232,,,,,,,,0,,,,,,11577,,,,,,,,,,,,,,,,,,,,,,,,,,,,,,23,,,,,,0,,,,,,,,,,,,,,,,,,,,,,,,,,,,
2013-09-18,MJ1323YNG1PS1C,Hitachi HDS5C3030ALA630,3000592982016,0,,0,,,,,,,,0,,,,,,17303,,,,,,,,,,,,,,,,,,,,,,,,,,,,,,28,,,,,,0,,,,,,,,,,,,,,,,,,,,,,,,,,,,
2013-09-18,W3005WAT,ST4000DM000,4000787030016,0,,75674480,,,,,,,,0,,,,,,905,,,,,,,,,,,,,,,,,,,,,,,,,,,,,,19,,,,,,0,,,,,,,,,,,,,,,,,,,,,,,,,,,,
2013-09-18,Z300GQCK,ST4000DM000,4000787030016,0,,42233360,,,,,,,,0,,,,,,1566,,,,,,,,,,,,,,,,,,,,,,,,,,,,,,25,,,,,,0,,,,,,,,,,,,,,,,,,,,,,,,,,,,
2013-09-18,Z300GZ2X,ST4000DM000,4000787030016,0,,97432496,,,,,,,,0,,,,,,1566,,,,,,,,,,,,,,,,,,,,,,,,,,,,,,20,,,,,,0,,,,,,,,,,,,,,,,,,,,,,,,,,,,
2013-09-18,W3006521,ST4000DM000,4000787030016,0,,222895952,,,,,,,,0,,,,,,836,,,,,,,,,,,,,,,,,,,,,,,,,,,,,,21,,,,,,0,,,,,,,,,,,,,,,,,,,,,,,,,,,,
2013-09-18,JK11A8B9J97U5F,Hitachi HDS722020ALA330,2000398934016,0,,0,,,,,,,,0,,,,,,22479,,,,,,,,,,,,,,,,,,,,,,,,,,,,,,31,,,,,,0,,,,,,,,,,,,,,,,,,,,,,,,,,,,
2013-09-18,Z1F0ANA7,ST3000DM001,3000592982016,0,,173430248,,,,,,,,0,,,,,,4182,,,,,,,,,,,,,,,,,,,,,,,,,,,,,,25,,,,,,0,,,,,,,,,,,,,,,,,,,,,,,,,,,,
2013-09-18,Z300GZ2B,ST4000DM000,4000787030016,0,,78852096,,,,,,,,0,,,,,,1635,,,,,,,,,,,,,,,,,,,,,,,,,,,,,,27,,,,,,0,,,,,,,,,,,,,,,,,,,,,,,,,,,,
2013-09-18,W300B34H,ST4000DM000,4000787030016,0,,143074400,,,,,,,,0,,,,,,1571,,,,,,,,,,,,,,,,,,,,,,,,,,,,,,23,,,,,,0,,,,,,,,,,,,,,,,,,,,,,,,,,,,
2013-09-18,Z300GZ90,ST4000DM000,4000787030016,0,,93590048,,,,,,,,0,,,,,,1569,,,,,,,,,,,,,,,,,,,,,,,,,,,,,,20,,,,,,0,,,,,,,,,,,,,,,,,,,,,,,,,,,,
2013-09-18,Z1F1A0RP,ST3000DM001,3000592982016,0,,135424272,,,,,,,,0,,,,,,6004,,,,,,,,,,,,,,,,,,,,,,,,,,,,,,29,,,,,,0,,,,,,,,,,,,,,,,,,,,,,,,,,,,
2013-09-18,Z300GQCZ,ST4000DM000,4000787030016,0,,146963920,,,,,,,,0,,,,,,1565,,,,,,,,,,,,,,,,,,,,,,,,,,,,,,21,,,,,,0,,,,,,,,,,,,,,,,,,,,,,,,,,,,
2013-09-18,W300BMQA,ST4000DM000,4000787030016,0,,33364384,,,,,,,,0,,,,,,1570,,,,,,,,,,,,,,,,,,,,,,,,,,,,,,22,,,,,,0,,,,,,,,,,,,,,,,,,,,,,,,,,,,
2013-09-18,Z300GZ2J,ST4000DM000,4000787030016,0,,138431456,,,,,,,,0,,,,,,1569,,,,,,,,,,,,,,,,,,,,,,,,,,,,,,21,,,,,,0,,,,,,,,,,,,,,,,,,,,,,,,,,,,
2013-09-18,W300BMQE,ST4000DM000,4000787030016,0,,220102720,,,,,,,,0,,,,,,1571,,,,,,,,,,,,,,,,,,,,,,,,,,,,,,23,,,,,,0,,,,,,,,,,,,,,,,,,,,,,,,,,,,
2013-09-18,W1F09A4L,ST3000DM001,3000592982016,0,,175873856,,,,,,,,0,,,,,,12695,,,,,,,,,,,,,,,,,,,,,,,,,,,,,,22,,,,,,0,,,,,,,,,,,,,,,,,,,,,,,,,,,,
2013-09-18,W300BM6G,ST4000DM000,4000787030016,0,,24408144,,,,,,,,0,,,,,,2272,,,,,,,,,,,,,,,,,,,,,,,,,,,,,,18,,,,,,0,,,,,,,,,,,,,,,,,,,,,,,,,,,,
2013-09-18,W300B6TY,ST4000DM000,4000787030016,0,,53400112,,,,,,,,0,,,,,,1570,,,,,,,,,,,,,,,,,,,,,,,,,,,,,,21,,,,,,0,,,,,,,,,,,,,,,,,,,,,,,,,,,,
2013-09-18,Z300MH15,ST4000DM000,4000787030016,0,,727744,,,,,,,,0,,,,,,905,,,,,,,,,,,,,,,,,,,,,,,,,,,,,,20,,,,,,0,,,,,,,,,,,,,,,,,,,,,,,,,,,,
2013-09-18,W3005P4A,ST4000DM000,4000787030016,0,,163076032,,,,,,,,0,,,,,,886,,,,,,,,,,,,,,,,,,,,,,,,,,,,,,22,,,,,,0,,,,,,,,,,,,,,,,,,,,,,,,,,,,
2013-09-18,Z300GPHJ,ST4000DM000,4000787030016,0,,58966912,,,,,,,,0,,,,,,1565,,,,,,,,,,,,,,,,,,,,,,,,,,,,,,20,,,,,,0,,,,,,,,,,,,,,,,,,,,,,,,,,,,
2013-09-18,Z300GPHM,ST4000DM000,4000787030016,0,,134551624,,,,,,,,0,,,,,,1566,,,,,,,,,,,,,,,,,,,,,,,,,,,,,,19,,,,,,0,,,,,,,,,,,,,,,,,,,,,,,,,,,,
2013-09-18,JK11A8B9J7G1EF,Hitachi HDS722020ALA330,2000398934016,0,,65537,,,,,,,,0,,,,,,22480,,,,,,,,,,,,,,,,,,,,,,,,,,,,,,27,,,,,,0,,,,,,,,,,,,,,,,,,,,,,,,,,,,
2013-09-18,Z300GQ1M,ST4000DM000,4000787030016,0,,63719584,,,,,,,,0,,,,,,1566,,,,,,,,,,,,,,,,,,,,,,,,,,,,,,26,,,,,,0,,,,,,,,,,,,,,,,,,,,,,,,,,,,
2013-09-18,MN1221F306RB6D,Hitachi HDS723020BLA642,2000398934016,0,,54002711,,,,,,,,0,,,,,,1641,,,,,,,,,,,,,,,,,,,,,,,,,,,,,,29,,,,,,0,,,,,,,,,,,,,,,,,,,,,,,,,,,,
2013-09-18,Z300GPHF,ST4000DM000,4000787030016,0,,72435696,,,,,,,,0,,,,,,1571,,,,,,,,,,,,,,,,,,,,,,,,,,,,,,24,,,,,,0,,,,,,,,,,,,,,,,,,,,,,,,,,,,
2013-09-18,MJ1323YNG1U0DC,Hitachi HDS5C3030ALA630,3000592982016,0,,0,,,,,,,,0,,,,,,17304,,,,,,,,,,,,,,,,,,,,,,,,,,,,,,30,,,,,,0,,,,,,,,,,,,,,,,,,,,,,,,,,,,
2013-09-18,W300CGGR,ST4000DM000,4000787030016,0,,61361760,,,,,,,,0,,,,,,2122,,,,,,,,,,,,,,,,,,,,,,,,,,,,,,21,,,,,,0,,,,,,,,,,,,,,,,,,,,,,,,,,,,
2013-09-18,W300JF50,ST4000DM000,4000787030016,0,,196812528,,,,,,,,0,,,,,,859,,,,,,,,,,,,,,,,,,,,,,,,,,,,,,20,,,,,,0,,,,,,,,,,,,,,,,,,,,,,,,,,,,
2013-09-18,W300GC9H,ST4000DM000,4000787030016,0,,219430104,,,,,,,,0,,,,,,858,,,,,,,,,,,,,,,,,,,,,,,,,,,,,,19,,,,,,0,,,,,,,,,,,,,,,,,,,,,,,,,,,,
2013-09-18,W300B2TV,ST4000DM000,4000787030016,0,,123979936,,,,,,,,0,,,,,,1570,,,,,,,,,,,,,,,,,,,,,,,,,,,,,,19,,,,,,0,,,,,,,,,,,,,,,,,,,,,,,,,,,,
2013-09-18,W3006NZV,ST4000DM000,4000787030016,0,,49558040,,,,,,,,0,,,,,,837,,,,,,,,,,,,,,,,,,,,,,,,,,,,,,20,,,,,,0,,,,,,,,,,,,,,,,,,,,,,,,,,,,
2013-09-18,Z300GPQX,ST4000DM000,4000787030016,0,,173079136,,,,,,,,0,,,,,,1565,,,,,,,,,,,,,,,,,,,,,,,,,,,,,,23,,,,,,0,,,,,,,,,,,,,,,,,,,,,,,,,,,,
2013-09-18,W1F19J5Q,ST3000DM001,3000592982016,0,,87620272,,,,,,,,0,,,,,,6007,,,,,,,,,,,,,,,,,,,,,,,,,,,,,,27,,,,,,0,,,,,,,,,,,,,,,,,,,,,,,,,,,,
2013-09-18,Z300GYXT,ST4000DM000,4000787030016,0,,50611552,,,,,,,,0,,,,,,1571,,,,,,,,,,,,,,,,,,,,,,,,,,,,,,24,,,,,,0,,,,,,,,,,,,,,,,,,,,,,,,,,,,
2013-09-18,PL1331LAGABE9H,Hitachi HDS5C4040ALE630,4000787030016,0,,0,,,,,,,,0,,,,,,3067,,,,,,,,,,,,,,,,,,,,,,,,,,,,,,32,,,,,,0,,,,,,,,,,,,,,,,,,,,,,,,,,,,
2013-09-18,Z300MQBH,ST4000DM000,4000787030016,0,,193872568,,,,,,,,0,,,,,,886,,,,,,,,,,,,,,,,,,,,,,,,,,,,,,23,,,,,,0,,,,,,,,,,,,,,,,,,,,,,,,,,,,
2013-09-18,W30061R1,ST4000DM000,4000787030016,0,,161904040,,,,,,,,0,,,,,,906,,,,,,,,,,,,,,,,,,,,,,,,,,,,,,21,,,,,,0,,,,,,,,,,,,,,,,,,,,,,,,,,,,
2013-09-18,W300D2AL,ST4000DM000,4000787030016,0,,194814976,,,,,,,,0,,,,,,2119,,,,,,,,,,,,,,,,,,,,,,,,,,,,,,21,,,,,,0,,,,,,,,,,,,,,,,,,,,,,,,,,,,
2013-09-18,Z300GYXF,ST4000DM000,4000787030016,0,,115699856,,,,,,,,0,,,,,,1592,,,,,,,,,,,,,,,,,,,,,,,,,,,,,,19,,,,,,0,,,,,,,,,,,,,,,,,,,,,,,,,,,,
2013-09-18,W3006CNF,ST4000DM000,4000787030016,0,,235734312,,,,,,,,0,,,,,,837,,,,,,,,,,,,,,,,,,,,,,,,,,,,,,20,,,,,,0,,,,,,,,,,,,,,,,,,,,,,,,,,,,
2013-09-18,Z300GYX3,ST4000DM000,4000787030016,0,,229447368,,,,,,,,0,,,,,,1571,,,,,,,,,,,,,,,,,,,,,,,,,,,,,,25,,,,,,0,,,,,,,,,,,,,,,,,,,,,,,,,,,,
2013-09-18,W300B2T2,ST4000DM000,4000787030016,0,,149545224,,,,,,,,0,,,,,,1571,,,,,,,,,,,,,,,,,,,,,,,,,,,,,,22,,,,,,0,,,,,,,,,,,,,,,,,,,,,,,,,,,,
2013-09-18,Z300MEM5,ST4000DM000,4000787030016,0,,235486296,,,,,,,,0,,,,,,837,,,,,,,,,,,,,,,,,,,,,,,,,,,,,,23,,,,,,0,,,,,,,,,,,,,,,,,,,,,,,,,,,,
2013-09-18,W300BMNV,ST4000DM000,4000787030016,0,,24825152,,,,,,,,0,,,,,,1594,,,,,,,,,,,,,,,,,,,,,,,,,,,,,,22,,,,,,0,,,,,,,,,,,,,,,,,,,,,,,,,,,,
2013-09-18,W300JGR6,ST4000DM000,4000787030016,0,,154484664,,,,,,,,0,,,,,,858,,,,,,,,,,,,,,,,,,,,,,,,,,,,,,19,,,,,,0,,,,,,,,,,,,,,,,,,,,,,,,,,,,
2013-09-18,JK11A8B9J9KVHF,Hitachi HDS722020ALA330,2000398934016,0,,0,,,,,,,,0,,,,,,22480,,,,,,,,,,,,,,,,,,,,,,,,,,,,,,28,,,,,,0,,,,,,,,,,,,,,,,,,,,,,,,,,,,
2013-09-18,Z300HLX2,ST4000DM000,4000787030016,0,,99423672,,,,,,,,0,,,,,,886,,,,,,,,,,,,,,,,,,,,,,,,,,,,,,26,,,,,,0,,,,,,,,,,,,,,,,,,,,,,,,,,,,
2013-09-18,Z300GQ13,ST4000DM000,4000787030016,0,,20852640,,,,,,,,0,,,,,,1566,,,,,,,,,,,,,,,,,,,,,,,,,,,,,,23,,,,,,0,,,,,,,,,,,,,,,,,,,,,,,,,,,,
2013-09-18,Z300GZDF,ST4000DM000,4000787030016,0,,16648240,,,,,,,,0,,,,,,1571,,,,,,,,,,,,,,,,,,,,,,,,,,,,,,25,,,,,,0,,,,,,,,,,,,,,,,,,,,,,,,,,,,
2013-09-18,Z300GZDD,ST4000DM000,4000787030016,0,,203931288,,,,,,,,0,,,,,,1635,,,,,,,,,,,,,,,,,,,,,,,,,,,,,,28,,,,,,0,,,,,,,,,,,,,,,,,,,,,,,,,,,,
2013-09-18,W1F09Y61,ST3000DM001,3000592982016,0,,161213848,,,,,,,,0,,,,,,12691,,,,,,,,,,,,,,,,,,,,,,,,,,,,,,23,,,,,,0,,,,,,,,,,,,,,,,,,,,,,,,,,,,
2013-09-18,W300DYW7,ST4000DM000,4000787030016,0,,122334904,,,,,,,,0,,,,,,2122,,,,,,,,,,,,,,,,,,,,,,,,,,,,,,22,,,,,,0,,,,,,,,,,,,,,,,,,,,,,,,,,,,
2013-09-18,W300D3KA,ST4000DM000,4000787030016,0,,79148776,,,,,,,,0,,,,,,2119,,,,,,,,,,,,,,,,,,,,,,,,,,,,,,21,,,,,,0,,,,,,,,,,,,,,,,,,,,,,,,,,,,
2013-09-18,Z300GPJM,ST4000DM000,4000787030016,0,,3866480,,,,,,,,0,,,,,,1567,,,,,,,,,,,,,,,,,,,,,,,,,,,,,,21,,,,,,0,,,,,,,,,,,,,,,,,,,,,,,,,,,,
2013-09-18,Z300GPJJ,ST4000DM000,4000787030016,0,,225177552,,,,,,,,0,,,,,,1571,,,,,,,,,,,,,,,,,,,,,,,,,,,,,,24,,,,,,0,,,,,,,,,,,,,,,,,,,,,,,,,,,,
2013-09-18,W300DZX6,ST4000DM000,4000787030016,0,,196292944,,,,,,,,0,,,,,,2273,,,,,,,,,,,,,,,,,,,,,,,,,,,,,,21,,,,,,0,,,,,,,,,,,,,,,,,,,,,,,,,,,,
2013-09-18,Z300GZAB,ST4000DM000,4000787030016,0,,220534192,,,,,,,,0,,,,,,1565,,,,,,,,,,,,,,,,,,,,,,,,,,,,,,23,,,,,,0,,,,,,,,,,,,,,,,,,,,,,,,,,,,
2013-09-18,Z300GZDR,ST4000DM000,4000787030016,0,,54411216,,,,,,,,0,,,,,,1569,,,,,,,,,,,,,,,,,,,,,,,,,,,,,,23,,,,,,0,,,,,,,,,,,,,,,,,,,,,,,,,,,,
2013-09-18,W300BHRL,ST4000DM000,4000787030016,0,,137567952,,,,,,,,0,,,,,,1594,,,,,,,,,,,,,,,,,,,,,,,,,,,,,,23,,,,,,0,,,,,,,,,,,,,,,,,,,,,,,,,,,,
2013-09-18,W300D6Y9,ST4000DM000,4000787030016,0,,190490936,,,,,,,,0,,,,,,2119,,,,,,,,,,,,,,,,,,,,,,,,,,,,,,20,,,,,,0,,,,,,,,,,,,,,,,,,,,,,,,,,,,
2013-09-18,Z300MWWE,ST4000DM000,4000787030016,0,,233939648,,,,,,,,0,,,,,,887,,,,,,,,,,,,,,,,,,,,,,,,,,,,,,26,,,,,,0,,,,,,,,,,,,,,,,,,,,,,,,,,,,
2013-09-18,Z300GYNM,ST4000DM000,4000787030016,0,,163645104,,,,,,,,0,,,,,,1565,,,,,,,,,,,,,,,,,,,,,,,,,,,,,,22,,,,,,0,,,,,,,,,,,,,,,,,,,,,,,,,,,,
2013-09-18,W1F091Z5,ST3000DM001,3000592982016,0,,7472808,,,,,,,,0,,,,,,12696,,,,,,,,,,,,,,,,,,,,,,,,,,,,,,23,,,,,,0,,,,,,,,,,,,,,,,,,,,,,,,,,,,
2013-09-18,Z300GYNH,ST4000DM000,4000787030016,0,,176651240,,,,,,,,0,,,,,,1571,,,,,,,,,,,,,,,,,,,,,,,,,,,,,,24,,,,,,0,,,,,,,,,,,,,,,,,,,,,,,,,,,,
2013-09-18,W1F08FHX,ST3000DM001,3000592982016,0,,38536288,,,,,,,,0,,,,,,12695,,,,,,,,,,,,,,,,,,,,,,,,,,,,,,24,,,,,,8,,,,,,,,,,,,,,,,,,,,,,,,,,,,
2013-09-18,W300C8S2,ST4000DM000,4000787030016,0,,74597528,,,,,,,,0,,,,,,2273,,,,,,,,,,,,,,,,,,,,,,,,,,,,,,21,,,,,,0,,,,,,,,,,,,,,,,,,,,,,,,,,,,
2013-09-18,Z300MX2Z,ST4000DM000,4000787030016,0,,210317304,,,,,,,,0,,,,,,906,,,,,,,,,,,,,,,,,,,,,,,,,,,,,,22,,,,,,0,,,,,,,,,,,,,,,,,,,,,,,,,,,,
2013-09-18,Z300GQG7,ST4000DM000,4000787030016,0,,122633256,,,,,,,,0,,,,,,1569,,,,,,,,,,,,,,,,,,,,,,,,,,,,,,22,,,,,,0,,,,,,,,,,,,,,,,,,,,,,,,,,,,
2013-09-18,W300B2WJ,ST4000DM000,4000787030016,0,,198774176,,,,,,,,0,,,,,,1570,,,,,,,,,,,,,,,,,,,,,,,,,,,,,,19,,,,,,0,,,,,,,,,,,,,,,,,,,,,,,,,,,,
2013-09-18,W300BBVA,ST4000DM000,4000787030016,0,,200315504,,,,,,,,0,,,,,,1570,,,,,,,,,,,,,,,,,,,,,,,,,,,,,,20,,,,,,0,,,,,,,,,,,,,,,,,,,,,,,,,,,,
2013-09-18,MJ1323YNG1PNKC,Hitachi HDS5C3030ALA630,3000592982016,0,,0,,,,,,,,32,,,,,,17304,,,,,,,,,,,,,,,,,,,,,,,,,,,,,,30,,,,,,0,,,,,,,,,,,,,,,,,,,,,,,,,,,,
2013-09-18,W300BN18,ST4000DM000,4000787030016,0,,7390848,,,,,,,,0,,,,,,1571,,,,,,,,,,,,,,,,,,,,,,,,,,,,,,23,,,,,,0,,,,,,,,,,,,,,,,,,,,,,,,,,,,
2013-09-18,W300BH5K,ST4000DM000,4000787030016,0,,17190280,,,,,,,,0,,,,,,1594,,,,,,,,,,,,,,,,,,,,,,,,,,,,,,22,,,,,,0,,,,,,,,,,,,,,,,,,,,,,,,,,,,
2013-09-18,Z300LMV3,ST4000DM000,4000787030016,0,,192252008,,,,,,,,0,,,,,,837,,,,,,,,,,,,,,,,,,,,,,,,,,,,,,22,,,,,,0,,,,,,,,,,,,,,,,,,,,,,,,,,,,
2013-09-18,Z300GPZ8,ST4000DM000,4000787030016,0,,21844912,,,,,,,,0,,,,,,1635,,,,,,,,,,,,,,,,,,,,,,,,,,,,,,27,,,,,,0,,,,,,,,,,,,,,,,,,,,,,,,,,,,
2013-09-18,W300CKQ9,ST4000DM000,4000787030016,0,,3785248,,,,,,,,0,,,,,,2273,,,,,,,,,,,,,,,,,,,,,,,,,,,,,,22,,,,,,0,,,,,,,,,,,,,,,,,,,,,,,,,,,,
2013-09-18,PL2321LAGARUMJ,Hitachi HDS5C4040ALE630,4000787030016,0,,0,,,,,,,,0,,,,,,3067,,,,,,,,,,,,,,,,,,,,,,,,,,,,,,31,,,,,,0,,,,,,,,,,,,,,,,,,,,,,,,,,,,
2013-09-18,Z300MJMN,ST4000DM000,4000787030016,0,,44212504,,,,,,,,0,,,,,,837,,,,,,,,,,,,,,,,,,,,,,,,,,,,,,24,,,,,,0,,,,,,,,,,,,,,,,,,,,,,,,,,,,
2013-09-18,Z300HQ1A,ST4000DM000,4000787030016,0,,79574120,,,,,,,,0,,,,,,886,,,,,,,,,,,,,,,,,,,,,,,,,,,,,,26,,,,,,0,,,,,,,,,,,,,,,,,,,,,,,,,,,,
2013-09-18,MJ1323YNG1T9HC,Hitachi HDS5C3030ALA630,3000592982016,0,,0,,,,,,,,0,,,,,,17303,,,,,,,,,,,,,,,,,,,,,,,,,,,,,,28,,,,,,0,,,,,,,,,,,,,,,,,,,,,,,,,,,,
2013-09-18,Z300GZ7Y,ST4000DM000,4000787030016,0,,211326008,,,,,,,,0,,,,,,1566,,,,,,,,,,,,,,,,,,,,,,,,,,,,,,22,,,,,,0,,,,,,,,,,,,,,,,,,,,,,,,,,,,
2013-09-18,MJ1321YNG1B7VA,Hitachi HDS5C3030ALA630,3000592982016,0,,0,,,,,,,,0,,,,,,17303,,,,,,,,,,,,,,,,,,,,,,,,,,,,,,29,,,,,,0,,,,,,,,,,,,,,,,,,,,,,,,,,,,
2013-09-18,Z300GYW0,ST4000DM000,4000787030016,0,,237560264,,,,,,,,0,,,,,,1571,,,,,,,,,,,,,,,,,,,,,,,,,,,,,,21,,,,,,0,,,,,,,,,,,,,,,,,,,,,,,,,,,,
2013-09-18,W300BJ07,ST4000DM000,4000787030016,0,,160572928,,,,,,,,0,,,,,,1571,,,,,,,,,,,,,,,,,,,,,,,,,,,,,,24,,,,,,0,,,,,,,,,,,,,,,,,,,,,,,,,,,,
2013-09-18,S1F0MHNX,ST3000DM001,3000592982016,0,,171235344,,,,,,,,0,,,,,,5835,,,,,,,,,,,,,,,,,,,,,,,,,,,,,,24,,,,,,0,,,,,,,,,,,,,,,,,,,,,,,,,,,,
2013-09-18,Z300GZ99,ST4000DM000,4000787030016,0,,204385432,,,,,,,,0,,,,,,1569,,,,,,,,,,,,,,,,,,,,,,,,,,,,,,21,,,,,,0,,,,,,,,,,,,,,,,,,,,,,,,,,,,
2013-09-18,Z300GPZ3,ST4000DM000,4000787030016,0,,73629248,,,,,,,,0,,,,,,1566,,,,,,,,,,,,,,,,,,,,,,,,,,,,,,22,,,,,,0,,,,,,,,,,,,,,,,,,,,,,,,,,,,
2013-09-18,W3005ZFY,ST4000DM000,4000787030016,0,,86585552,,,,,,,,0,,,,,,837,,,,,,,,,,,,,,,,,,,,,,,,,,,,,,21,,,,,,0,,,,,,,,,,,,,,,,,,,,,,,,,,,,
2013-09-18,Z300GQ80,ST4000DM000,4000787030016,0,,131691912,,,,,,,,0,,,,,,1567,,,,,,,,,,,,,,,,,,,,,,,,,,,,,,23,,,,,,0,,,,,,,,,,,,,,,,,,,,,,,,,,,,
2013-09-18,JK11A8B9J95XWF,Hitachi HDS722020ALA330,2000398934016,0,,6,,,,,,,,0,,,,,,22479,,,,,,,,,,,,,,,,,,,,,,,,,,,,,,30,,,,,,0,,,,,,,,,,,,,,,,,,,,,,,,,,,,
2013-09-18,Z300HQDD,ST4000DM000,4000787030016,0,,34405664,,,,,,,,0,,,,,,905,,,,,,,,,,,,,,,,,,,,,,,,,,,,,,18,,,,,,0,,,,,,,,,,,,,,,,,,,,,,,,,,,,
2013-09-18,Z300GZ7M,ST4000DM000,4000787030016,0,,24166600,,,,,,,,0,,,,,,1566,,,,,,,,,,,,,,,,,,,,,,,,,,,,,,19,,,,,,0,,,,,,,,,,,,,,,,,,,,,,,,,,,,
2013-09-18,Z300GPKX,ST4000DM000,4000787030016,0,,99133736,,,,,,,,0,,,,,,1635,,,,,,,,,,,,,,,,,,,,,,,,,,,,,,27,,,,,,0,,,,,,,,,,,,,,,,,,,,,,,,,,,,
2013-09-18,W3006DDD,ST4000DM000,4000787030016,0,,175656936,,,,,,,,0,,,,,,905,,,,,,,,,,,,,,,,,,,,,,,,,,,,,,19,,,,,,0,,,,,,,,,,,,,,,,,,,,,,,,,,,,
2013-09-18,W300CYCF,ST4000DM000,4000787030016,0,,103843104,,,,,,,,0,,,,,,2118,,,,,,,,,,,,,,,,,,,,,,,,,,,,,,20,,,,,,0,,,,,,,,,,,,,,,,,,,,,,,,,,,,
2013-09-18,W1F09VVR,ST3000DM001,3000592982016,0,,164280536,,,,,,,,0,,,,,,12691,,,,,,,,,,,,,,,,,,,,,,,,,,,,,,25,,,,,,16,,,,,,,,,,,,,,,,,,,,,,,,,,,,
2013-09-18,W300B33Z,ST4000DM000,4000787030016,0,,29601904,,,,,,,,0,,,,,,1570,,,,,,,,,,,,,,,,,,,,,,,,,,,,,,21,,,,,,0,,,,,,,,,,,,,,,,,,,,,,,,,,,,
2013-09-18,W3006DDB,ST4000DM000,4000787030016,0,,40225272,,,,,,,,0,,,,,,906,,,,,,,,,,,,,,,,,,,,,,,,,,,,,,23,,,,,,0,,,,,,,,,,,,,,,,,,,,,,,,,,,,
2013-09-18,Z300GQ8A,ST4000DM000,4000787030016,0,,1418400,,,,,,,,0,,,,,,1569,,,,,,,,,,,,,,,,,,,,,,,,,,,,,,21,,,,,,0,,,,,,,,,,,,,,,,,,,,,,,,,,,,
2013-09-18,W30068WH,ST4000DM000,4000787030016,0,,55233560,,,,,,,,0,,,,,,837,,,,,,,,,,,,,,,,,,,,,,,,,,,,,,20,,,,,,0,,,,,,,,,,,,,,,,,,,,,,,,,,,,
2013-09-18,Z300GZ79,ST4000DM000,4000787030016,0,,72855224,,,,,,,,0,,,,,,1635,,,,,,,,,,,,,,,,,,,,,,,,,,,,,,27,,,,,,0,,,,,,,,,,,,,,,,,,,,,,,,,,,,
2013-09-18,W3005RXJ,ST4000DM000,4000787030016,0,,134494384,,,,,,,,0,,,,,,886,,,,,,,,,,,,,,,,,,,,,,,,,,,,,,24,,,,,,0,,,,,,,,,,,,,,,,,,,,,,,,,,,,
2013-09-18,W300D2RA,ST4000DM000,4000787030016,0,,73075360,,,,,,,,0,,,,,,2272,,,,,,,,,,,,,,,,,,,,,,,,,,,,,,19,,,,,,0,,,,,,,,,,,,,,,,,,,,,,,,,,,,
2013-09-18,Z1F18YB3,ST3000DM001,3000592982016,0,,205249168,,,,,,,,0,,,,,,6008,,,,,,,,,,,,,,,,,,,,,,,,,,,,,,26,,,,,,0,,,,,,,,,,,,,,,,,,,,,,,,,,,,
2013-09-18,PL1331LAGB9LDH,Hitachi HDS5C4040ALE630,4000787030016,0,,0,,,,,,,,0,,,,,,3067,,,,,,,,,,,,,,,,,,,,,,,,,,,,,,32,,,,,,0,,,,,,,,,,,,,,,,,,,,,,,,,,,,
2013-09-18,Z300GYWX,ST4000DM000,4000787030016,0,,104302520,,,,,,,,0,,,,,,1567,,,,,,,,,,,,,,,,,,,,,,,,,,,,,,24,,,,,,0,,,,,,,,,,,,,,,,,,,,,,,,,,,,
2013-09-18,Z300GQ8L,ST4000DM000,4000787030016,0,,41402656,,,,,,,,0,,,,,,1571,,,,,,,,,,,,,,,,,,,,,,,,,,,,,,28,,,,,,0,,,,,,,,,,,,,,,,,,,,,,,,,,,,
2013-09-18,W300HJ11,ST4000DM000,4000787030016,0,,219824688,,,,,,,,0,,,,,,859,,,,,,,,,,,,,,,,,,,,,,,,,,,,,,20,,,,,,0,,,,,,,,,,,,,,,,,,,,,,,,,,,,
2013-09-18,Z300HM5P,ST4000DM000,4000787030016,0,,128210824,,,,,,,,0,,,,,,838,,,,,,,,,,,,,,,,,,,,,,,,,,,,,,23,,,,,,0,,,,,,,,,,,,,,,,,,,,,,,,,,,,
2013-09-18,W300B5PW,ST4000DM000,4000787030016,0,,149835648,,,,,,,,0,,,,,,2272,,,,,,,,,,,,,,,,,,,,,,,,,,,,,,23,,,,,,0,,,,,,,,,,,,,,,,,,,,,,,,,,,,
2013-09-18,PL1331LAGB5D6H,Hitachi HDS5C4040ALE630,4000787030016,0,,0,,,,,,,,0,,,,,,3071,,,,,,,,,,,,,,,,,,,,,,,,,,,,,,29,,,,,,0,,,,,,,,,,,,,,,,,,,,,,,,,,,,
2013-09-18,W300DB47,ST4000DM000,4000787030016,0,,150837576,,,,,,,,0,,,,,,2123,,,,,,,,,,,,,,,,,,,,,,,,,,,,,,22,,,,,,0,,,,,,,,,,,,,,,,,,,,,,,,,,,,
2013-09-18,W300BHLQ,ST4000DM000,4000787030016,0,,112135136,,,,,,,,0,,,,,,1571,,,,,,,,,,,,,,,,,,,,,,,,,,,,,,23,,,,,,0,,,,,,,,,,,,,,,,,,,,,,,,,,,,
2013-09-18,W1F03VRB,ST3000DM001,3000592982016,0,,58123856,,,,,,,,0,,,,,,3028,,,,,,,,,,,,,,,,,,,,,,,,,,,,,,21,,,,,,0,,,,,,,,,,,,,,,,,,,,,,,,,,,,
2013-09-18,PL1331LAGBAY3H,Hitachi HDS5C4040ALE630,4000787030016,0,,0,,,,,,,,0,,,,,,3071,,,,,,,,,,,,,,,,,,,,,,,,,,,,,,26,,,,,,0,,,,,,,,,,,,,,,,,,,,,,,,,,,,
2013-09-18,Z300GZ9M,ST4000DM000,4000787030016,0,,183052968,,,,,,,,0,,,,,,1566,,,,,,,,,,,,,,,,,,,,,,,,,,,,,,25,,,,,,0,,,,,,,,,,,,,,,,,,,,,,,,,,,,
2013-09-18,Z300GZ9L,ST4000DM000,4000787030016,0,,57604048,,,,,,,,0,,,,,,1569,,,,,,,,,,,,,,,,,,,,,,,,,,,,,,20,,,,,,0,,,,,,,,,,,,,,,,,,,,,,,,,,,,
2013-09-18,W3006HM1,ST4000DM000,4000787030016,0,,55176112,,,,,,,,0,,,,,,905,,,,,,,,,,,,,,,,,,,,,,,,,,,,,,21,,,,,,0,,,,,,,,,,,,,,,,,,,,,,,,,,,,
2013-09-18,Z300MJSR,ST4000DM000,4000787030016,0,,79566688,,,,,,,,0,,,,,,887,,,,,,,,,,,,,,,,,,,,,,,,,,,,,,26,,,,,,0,,,,,,,,,,,,,,,,,,,,,,,,,,,,
2013-09-18,MJ1323YNG1TZZC,Hitachi HDS5C3030ALA630,3000592982016,0,,0,,,,,,,,0,,,,,,17303,,,,,,,,,,,,,,,,,,,,,,,,,,,,,,28,,,,,,0,,,,,,,,,,,,,,,,,,,,,,,,,,,,
2013-09-18,W3005ND5,ST4000DM000,4000787030016,0,,63812432,,,,,,,,0,,,,,,886,,,,,,,,,,,,,,,,,,,,,,,,,,,,,,24,,,,,,0,,,,,,,,,,,,,,,,,,,,,,,,,,,,
2013-09-18,Z300GPEB,ST4000DM000,4000787030016,0,,130168984,,,,,,,,0,,,,,,1566,,,,,,,,,,,,,,,,,,,,,,,,,,,,,,25,,,,,,0,,,,,,,,,,,,,,,,,,,,,,,,,,,,
2013-09-18,W300BN1L,ST4000DM000,4000787030016,0,,139556560,,,,,,,,0,,,,,,1594,,,,,,,,,,,,,,,,,,,,,,,,,,,,,,21,,,,,,0,,,,,,,,,,,,,,,,,,,,,,,,,,,,
2013-09-18,W300BN43,ST4000DM000,4000787030016,0,,186059304,,,,,,,,0,,,,,,1594,,,,,,,,,,,,,,,,,,,,,,,,,,,,,,19,,,,,,0,,,,,,,,,,,,,,,,,,,,,,,,,,,,
2013-09-18,W300AF58,ST4000DM000,4000787030016,0,,173214208,,,,,,,,0,,,,,,2119,,,,,,,,,,,,,,,,,,,,,,,,,,,,,,20,,,,,,0,,,,,,,,,,,,,,,,,,,,,,,,,,,,
2013-09-18,W1F0A57P,ST3000DM001,3000592982016,0,,87368504,,,,,,,,0,,,,,,12695,,,,,,,,,,,,,,,,,,,,,,,,,,,,,,25,,,,,,0,,,,,,,,,,,,,,,,,,,,,,,,,,,,
2013-09-18,Z300GPZD,ST4000DM000,4000787030016,0,,184409712,,,,,,,,0,,,,,,1635,,,,,,,,,,,,,,,,,,,,,,,,,,,,,,26,,,,,,0,,,,,,,,,,,,,,,,,,,,,,,,,,,,
2013-09-18,Z300GZ92,ST4000DM000,4000787030016,0,,81023544,,,,,,,,0,,,,,,1571,,,,,,,,,,,,,,,,,,,,,,,,,,,,,,24,,,,,,0,,,,,,,,,,,,,,,,,,,,,,,,,,,,
2013-09-18,Z300MQEG,ST4000DM000,4000787030016,0,,66060352,,,,,,,,0,,,,,,838,,,,,,,,,,,,,,,,,,,,,,,,,,,,,,24,,,,,,0,,,,,,,,,,,,,,,,,,,,,,,,,,,,
2013-09-18,W300BAS8,ST4000DM000,4000787030016,0,,223548032,,,,,,,,0,,,,,,2273,,,,,,,,,,,,,,,,,,,,,,,,,,,,,,18,,,,,,0,,,,,,,,,,,,,,,,,,,,,,,,,,,,
2013-09-18,W1F0A57J,ST3000DM001,3000592982016,0,,12776640,,,,,,,,0,,,,,,12675,,,,,,,,,,,,,,,,,,,,,,,,,,,,,,25,,,,,,0,,,,,,,,,,,,,,,,,,,,,,,,,,,,
2013-09-18,W300D26M,ST4000DM000,4000787030016,0,,11188136,,,,,,,,0,,,,,,2119,,,,,,,,,,,,,,,,,,,,,,,,,,,,,,20,,,,,,0,,,,,,,,,,,,,,,,,,,,,,,,,,,,
2013-09-18,W300CY5Q,ST4000DM000,4000787030016,0,,217178312,,,,,,,,0,,,,,,2118,,,,,,,,,,,,,,,,,,,,,,,,,,,,,,20,,,,,,0,,,,,,,,,,,,,,,,,,,,,,,,,,,,
2013-09-18,W300CY5P,ST4000DM000,4000787030016,0,,165588136,,,,,,,,0,,,,,,2273,,,,,,,,,,,,,,,,,,,,,,,,,,,,,,22,,,,,,0,,,,,,,,,,,,,,,,,,,,,,,,,,,,
2013-09-18,Z300GPZS,ST4000DM000,4000787030016,0,,79961696,,,,,,,,0,,,,,,1635,,,,,,,,,,,,,,,,,,,,,,,,,,,,,,27,,,,,,0,,,,,,,,,,,,,,,,,,,,,,,,,,,,
2013-09-18,W300BN1W,ST4000DM000,4000787030016,0,,157555312,,,,,,,,0,,,,,,1570,,,,,,,,,,,,,,,,,,,,,,,,,,,,,,18,,,,,,0,,,,,,,,,,,,,,,,,,,,,,,,,,,,
2013-09-18,MJ1323YNG1TV5C,Hitachi HDS5C3030ALA630,3000592982016,0,,131072,,,,,,,,0,,,,,,17303,,,,,,,,,,,,,,,,,,,,,,,,,,,,,,30,,,,,,0,,,,,,,,,,,,,,,,,,,,,,,,,,,,
2013-09-18,JK11A8B9J94X8F,Hitachi HDS722020ALA330,2000398934016,0,,0,,,,,,,,0,,,,,,22479,,,,,,,,,,,,,,,,,,,,,,,,,,,,,,30,,,,,,0,,,,,,,,,,,,,,,,,,,,,,,,,,,,
2013-09-18,W3005QR1,ST4000DM000,4000787030016,0,,145512960,,,,,,,,0,,,,,,886,,,,,,,,,,,,,,,,,,,,,,,,,,,,,,22,,,,,,0,,,,,,,,,,,,,,,,,,,,,,,,,,,,
2013-09-18,Z300GYMT,ST4000DM000,4000787030016,0,,224978920,,,,,,,,0,,,,,,1566,,,,,,,,,,,,,,,,,,,,,,,,,,,,,,23,,,,,,0,,,,,,,,,,,,,,,,,,,,,,,,,,,,
2013-09-18,Z300GPP1,ST4000DM000,4000787030016,0,,118603328,,,,,,,,0,,,,,,1567,,,,,,,,,,,,,,,,,,,,,,,,,,,,,,22,,,,,,0,,,,,,,,,,,,,,,,,,,,,,,,,,,,
2013-09-18,MJ1323YNG1SHWC,Hitachi HDS5C3030ALA630,3000592982016,0,,0,,,,,,,,0,,,,,,17303,,,,,,,,,,,,,,,,,,,,,,,,,,,,,,29,,,,,,0,,,,,,,,,,,,,,,,,,,,,,,,,,,,
2013-09-18,W300B72X,ST4000DM000,4000787030016,0,,29968608,,,,,,,,0,,,,,,2273,,,,,,,,,,,,,,,,,,,,,,,,,,,,,,22,,,,,,0,,,,,,,,,,,,,,,,,,,,,,,,,,,,
2013-09-18,Z300GQ9L,ST4000DM000,4000787030016,0,,195919352,,,,,,,,0,,,,,,1566,,,,,,,,,,,,,,,,,,,,,,,,,,,,,,22,,,,,,0,,,,,,,,,,,,,,,,,,,,,,,,,,,,
2013-09-18,Z300GPLZ,ST4000DM000,4000787030016,0,,26599008,,,,,,,,0,,,,,,1570,,,,,,,,,,,,,,,,,,,,,,,,,,,,,,23,,,,,,0,,,,,,,,,,,,,,,,,,,,,,,,,,,,
2013-09-18,Z300GPLD,ST4000DM000,4000787030016,0,,43585704,,,,,,,,0,,,,,,1571,,,,,,,,,,,,,,,,,,,,,,,,,,,,,,26,,,,,,0,,,,,,,,,,,,,,,,,,,,,,,,,,,,
2013-09-18,Z300GPLE,ST4000DM000,4000787030016,0,,225100872,,,,,,,,0,,,,,,1566,,,,,,,,,,,,,,,,,,,,,,,,,,,,,,18,,,,,,0,,,,,,,,,,,,,,,,,,,,,,,,,,,,
2013-09-18,PL1331LAGA6A1H,Hitachi HDS5C4040ALE630,4000787030016,0,,0,,,,,,,,0,,,,,,3067,,,,,,,,,,,,,,,,,,,,,,,,,,,,,,29,,,,,,0,,,,,,,,,,,,,,,,,,,,,,,,,,,,
2013-09-18,W3005M6F,ST4000DM000,4000787030016,0,,223769824,,,,,,,,0,,,,,,887,,,,,,,,,,,,,,,,,,,,,,,,,,,,,,26,,,,,,0,,,,,,,,,,,,,,,,,,,,,,,,,,,,
2013-09-18,Z300GQ7B,ST4000DM000,4000787030016,0,,79789496,,,,,,,,0,,,,,,1571,,,,,,,,,,,,,,,,,,,,,,,,,,,,,,24,,,,,,0,,,,,,,,,,,,,,,,,,,,,,,,,,,,
2013-09-18,W300BBSP,ST4000DM000,4000787030016,0,,145477872,,,,,,,,0,,,,,,1594,,,,,,,,,,,,,,,,,,,,,,,,,,,,,,18,,,,,,0,,,,,,,,,,,,,,,,,,,,,,,,,,,,
2013-09-18,Z300GQ81,ST4000DM000,4000787030016,0,,165640496,,,,,,,,0,,,,,,1567,,,,,,,,,,,,,,,,,,,,,,,,,,,,,,22,,,,,,0,,,,,,,,,,,,,,,,,,,,,,,,,,,,
2013-09-18,Z300GPKJ,ST4000DM000,4000787030016,0,,209049184,,,,,,,,0,,,,,,1571,,,,,,,,,,,,,,,,,,,,,,,,,,,,,,27,,,,,,0,,,,,,,,,,,,,,,,,,,,,,,,,,,,
2013-09-18,W300C5GE,ST4000DM000,4000787030016,0,,194902272,,,,,,,,0,,,,,,2119,,,,,,,,,,,,,,,,,,,,,,,,,,,,,,21,,,,,,0,,,,,,,,,,,,,,,,,,,,,,,,,,,,
2013-09-18,W1F09AC7,ST3000DM001,3000592982016,0,,35127464,,,,,,,,0,,,,,,12693,,,,,,,,,,,,,,,,,,,,,,,,,,,,,,21,,,,,,0,,,,,,,,,,,,,,,,,,,,,,,,,,,,
2013-09-18,Z300GPKL,ST4000DM000,4000787030016,0,,133940480,,,,,,,,0,,,,,,1566,,,,,,,,,,,,,,,,,,,,,,,,,,,,,,22,,,,,,0,,,,,,,,,,,,,,,,,,,,,,,,,,,,
2013-09-18,Z1F1AD2M,ST3000DM001,3000592982016,0,,182558968,,,,,,,,0,,,,,,5310,,,,,,,,,,,,,,,,,,,,,,,,,,,,,,24,,,,,,0,,,,,,,,,,,,,,,,,,,,,,,,,,,,
2013-09-18,JK11A8B9J91AAF,Hitachi HDS722020ALA330,2000398934016,0,,0,,,,,,,,0,,,,,,22480,,,,,,,,,,,,,,,,,,,,,,,,,,,,,,30,,,,,,0,,,,,,,,,,,,,,,,,,,,,,,,,,,,
2013-09-18,JK11A8B9J8HKTF,Hitachi HDS722020ALA330,2000398934016,0,,0,,,,,,,,0,,,,,,22480,,,,,,,,,,,,,,,,,,,,,,,,,,,,,,29,,,,,,0,,,,,,,,,,,,,,,,,,,,,,,,,,,,
2013-09-18,W300D50C,ST4000DM000,4000787030016,0,,81137856,,,,,,,,0,,,,,,2273,,,,,,,,,,,,,,,,,,,,,,,,,,,,,,23,,,,,,0,,,,,,,,,,,,,,,,,,,,,,,,,,,,
2013-09-18,W300BNRJ,ST4000DM000,4000787030016,0,,199257648,,,,,,,,0,,,,,,1593,,,,,,,,,,,,,,,,,,,,,,,,,,,,,,23,,,,,,0,,,,,,,,,,,,,,,,,,,,,,,,,,,,
2013-09-18,W1F08FA0,ST3000DM001,3000592982016,0,,76956248,,,,,,,,0,,,,,,12695,,,,,,,,,,,,,,,,,,,,,,,,,,,,,,20,,,,,,8,,,,,,,,,,,,,,,,,,,,,,,,,,,,
2013-09-18,JK11A8B9J94T8F,Hitachi HDS722020ALA330,2000398934016,0,,0,,,,,,,,0,,,,,,22480,,,,,,,,,,,,,,,,,,,,,,,,,,,,,,28,,,,,,0,,,,,,,,,,,,,,,,,,,,,,,,,,,,
2013-09-18,W300BR37,ST4000DM000,4000787030016,0,,49848248,,,,,,,,0,,,,,,1570,,,,,,,,,,,,,,,,,,,,,,,,,,,,,,21,,,,,,0,,,,,,,,,,,,,,,,,,,,,,,,,,,,
2013-09-18,W300B6JA,ST4000DM000,4000787030016,0,,16921824,,,,,,,,0,,,,,,1571,,,,,,,,,,,,,,,,,,,,,,,,,,,,,,24,,,,,,0,,,,,,,,,,,,,,,,,,,,,,,,,,,,
2013-09-18,W3007L7Y,ST4000DM000,4000787030016,0,,226634912,,,,,,,,0,,,,,,2123,,,,,,,,,,,,,,,,,,,,,,,,,,,,,,18,,,,,,0,,,,,,,,,,,,,,,,,,,,,,,,,,,,
2013-09-18,W1F099HF,ST3000DM001,3000592982016,0,,96480368,,,,,,,,0,,,,,,12692,,,,,,,,,,,,,,,,,,,,,,,,,,,,,,25,,,,,,0,,,,,,,,,,,,,,,,,,,,,,,,,,,,
2013-09-18,W300BGYK,ST4000DM000,4000787030016,0,,159721112,,,,,,,,0,,,,,,1594,,,,,,,,,,,,,,,,,,,,,,,,,,,,,,21,,,,,,0,,,,,,,,,,,,,,,,,,,,,,,,,,,,
2013-09-18,JK11A8B9J978GF,Hitachi HDS722020ALA330,2000398934016,0,,0,,,,,,,,0,,,,,,22479,,,,,,,,,,,,,,,,,,,,,,,,,,,,,,32,,,,,,0,,,,,,,,,,,,,,,,,,,,,,,,,,,,
2013-09-18,W300BA76,ST4000DM000,4000787030016,0,,206833536,,,,,,,,0,,,,,,2119,,,,,,,,,,,,,,,,,,,,,,,,,,,,,,17,,,,,,0,,,,,,,,,,,,,,,,,,,,,,,,,,,,
2013-09-18,Z300GZ2Y,ST4000DM000,4000787030016,0,,160270832,,,,,,,,0,,,,,,1565,,,,,,,,,,,,,,,,,,,,,,,,,,,,,,21,,,,,,0,,,,,,,,,,,,,,,,,,,,,,,,,,,,
2013-09-18,W1F09VYS,ST3000DM001,3000592982016,0,,74708072,,,,,,,,0,,,,,,12695,,,,,,,,,,,,,,,,,,,,,,,,,,,,,,25,,,,,,0,,,,,,,,,,,,,,,,,,,,,,,,,,,,
2013-09-18,S1F13CMG,ST3000DM001,3000592982016,0,,240333288,,,,,,,,0,,,,,,6005,,,,,,,,,,,,,,,,,,,,,,,,,,,,,,25,,,,,,0,,,,,,,,,,,,,,,,,,,,,,,,,,,,
2013-09-18,W300B714,ST4000DM000,4000787030016,0,,243406944,,,,,,,,0,,,,,,1571,,,,,,,,,,,,,,,,,,,,,,,,,,,,,,23,,,,,,0,,,,,,,,,,,,,,,,,,,,,,,,,,,,
2013-09-18,W300B61C,ST4000DM000,4000787030016,0,,89951192,,,,,,,,0,,,,,,1570,,,,,,,,,,,,,,,,,,,,,,,,,,,,,,20,,,,,,0,,,,,,,,,,,,,,,,,,,,,,,,,,,,
2013-09-18,Z300GPL7,ST4000DM000,4000787030016,0,,168955768,,,,,,,,0,,,,,,1569,,,,,,,,,,,,,,,,,,,,,,,,,,,,,,19,,,,,,0,,,,,,,,,,,,,,,,,,,,,,,,,,,,
2013-09-18,Z300GPL3,ST4000DM000,4000787030016,0,,849040,,,,,,,,0,,,,,,1567,,,,,,,,,,,,,,,,,,,,,,,,,,,,,,26,,,,,,0,,,,,,,,,,,,,,,,,,,,,,,,,,,,
2013-09-18,Z1F1652D,ST3000DM001,3000592982016,0,,220033008,,,,,,,,0,,,,,,6005,,,,,,,,,,,,,,,,,,,,,,,,,,,,,,28,,,,,,0,,,,,,,,,,,,,,,,,,,,,,,,,,,,
2013-09-18,Z300GQH1,ST4000DM000,4000787030016,0,,157969248,,,,,,,,0,,,,,,1569,,,,,,,,,,,,,,,,,,,,,,,,,,,,,,20,,,,,,0,,,,,,,,,,,,,,,,,,,,,,,,,,,,
2013-09-18,PL1331LAGB4XZH,Hitachi HDS5C4040ALE630,4000787030016,0,,0,,,,,,,,0,,,,,,3067,,,,,,,,,,,,,,,,,,,,,,,,,,,,,,28,,,,,,0,,,,,,,,,,,,,,,,,,,,,,,,,,,,
2013-09-18,W1F0A4Y4,ST3000DM001,3000592982016,0,,178557464,,,,,,,,0,,,,,,12675,,,,,,,,,,,,,,,,,,,,,,,,,,,,,,25,,,,,,0,,,,,,,,,,,,,,,,,,,,,,,,,,,,
2013-09-18,Z300GPCC,ST4000DM000,4000787030016,0,,194120216,,,,,,,,0,,,,,,1569,,,,,,,,,,,,,,,,,,,,,,,,,,,,,,18,,,,,,0,,,,,,,,,,,,,,,,,,,,,,,,,,,,
2013-09-18,W300BBS9,ST4000DM000,4000787030016,0,,1406536,,,,,,,,0,,,,,,1571,,,,,,,,,,,,,,,,,,,,,,,,,,,,,,22,,,,,,0,,,,,,,,,,,,,,,,,,,,,,,,,,,,
2013-09-18,W300CK2F,ST4000DM000,4000787030016,0,,24442264,,,,,,,,0,,,,,,2119,,,,,,,,,,,,,,,,,,,,,,,,,,,,,,22,,,,,,0,,,,,,,,,,,,,,,,,,,,,,,,,,,,
2013-09-18,W3006204,ST4000DM000,4000787030016,0,,237315944,,,,,,,,0,,,,,,858,,,,,,,,,,,,,,,,,,,,,,,,,,,,,,17,,,,,,0,,,,,,,,,,,,,,,,,,,,,,,,,,,,
2013-09-18,W300BJCJ,ST4000DM000,4000787030016,0,,105879344,,,,,,,,0,,,,,,1594,,,,,,,,,,,,,,,,,,,,,,,,,,,,,,22,,,,,,0,,,,,,,,,,,,,,,,,,,,,,,,,,,,
2013-09-18,W1F0A532,ST3000DM001,3000592982016,0,,186452728,,,,,,,,0,,,,,,12692,,,,,,,,,,,,,,,,,,,,,,,,,,,,,,26,,,,,,0,,,,,,,,,,,,,,,,,,,,,,,,,,,,
2013-09-18,W300DB1Q,ST4000DM000,4000787030016,0,,219590824,,,,,,,,0,,,,,,2274,,,,,,,,,,,,,,,,,,,,,,,,,,,,,,21,,,,,,0,,,,,,,,,,,,,,,,,,,,,,,,,,,,
2013-09-18,MJ1323YNG1T2SC,Hitachi HDS5C3030ALA630,3000592982016,0,,65540,,,,,,,,0,,,,,,17303,,,,,,,,,,,,,,,,,,,,,,,,,,,,,,29,,,,,,0,,,,,,,,,,,,,,,,,,,,,,,,,,,,
2013-09-18,W300BNNV,ST4000DM000,4000787030016,0,,7850208,,,,,,,,0,,,,,,1570,,,,,,,,,,,,,,,,,,,,,,,,,,,,,,21,,,,,,0,,,,,,,,,,,,,,,,,,,,,,,,,,,,
2013-09-18,W300BRV5,ST4000DM000,4000787030016,0,,125028536,,,,,,,,0,,,,,,2122,,,,,,,,,,,,,,,,,,,,,,,,,,,,,,22,,,,,,0,,,,,,,,,,,,,,,,,,,,,,,,,,,,
2013-09-18,W300BMYW,ST4000DM000,4000787030016,0,,155806408,,,,,,,,0,,,,,,1571,,,,,,,,,,,,,,,,,,,,,,,,,,,,,,22,,,,,,0,,,,,,,,,,,,,,,,,,,,,,,,,,,,
2013-09-18,Z300GYPH,ST4000DM000,4000787030016,0,,127090360,,,,,,,,0,,,,,,1635,,,,,,,,,,,,,,,,,,,,,,,,,,,,,,28,,,,,,0,,,,,,,,,,,,,,,,,,,,,,,,,,,,
2013-09-18,W300BJ5B,ST4000DM000,4000787030016,0,,166605160,,,,,,,,0,,,,,,1571,,,,,,,,,,,,,,,,,,,,,,,,,,,,,,22,,,,,,0,,,,,,,,,,,,,,,,,,,,,,,,,,,,
2013-09-18,W300A5WM,ST4000DM000,4000787030016,0,,92183312,,,,,,,,0,,,,,,2119,,,,,,,,,,,,,,,,,,,,,,,,,,,,,,22,,,,,,0,,,,,,,,,,,,,,,,,,,,,,,,,,,,
2013-09-18,Z300GQ9T,ST4000DM000,4000787030016,0,,129901656,,,,,,,,0,,,,,,1566,,,,,,,,,,,,,,,,,,,,,,,,,,,,,,20,,,,,,0,,,,,,,,,,,,,,,,,,,,,,,,,,,,
2013-09-18,W300B5ZV,ST4000DM000,4000787030016,0,,81539288,,,,,,,,0,,,,,,1570,,,,,,,,,,,,,,,,,,,,,,,,,,,,,,19,,,,,,0,,,,,,,,,,,,,,,,,,,,,,,,,,,,
2013-09-18,PL1331LAGB4E1H,Hitachi HDS5C4040ALE630,4000787030016,0,,0,,,,,,,,0,,,,,,3071,,,,,,,,,,,,,,,,,,,,,,,,,,,,,,25,,,,,,0,,,,,,,,,,,,,,,,,,,,,,,,,,,,
2013-09-18,W300B37Q,ST4000DM000,4000787030016,0,,94436768,,,,,,,,0,,,,,,1571,,,,,,,,,,,,,,,,,,,,,,,,,,,,,,22,,,,,,0,,,,,,,,,,,,,,,,,,,,,,,,,,,,
2013-09-18,W300DKK8,ST4000DM000,4000787030016,0,,133226656,,,,,,,,0,,,,,,2272,,,,,,,,,,,,,,,,,,,,,,,,,,,,,,21,,,,,,0,,,,,,,,,,,,,,,,,,,,,,,,,,,,
2013-09-18,W300912F,ST4000DM000,4000787030016,0,,239065040,,,,,,,,0,,,,,,2274,,,,,,,,,,,,,,,,,,,,,,,,,,,,,,22,,,,,,0,,,,,,,,,,,,,,,,,,,,,,,,,,,,
2013-09-18,W300JN1N,ST4000DM000,4000787030016,0,,226991776,,,,,,,,0,,,,,,858,,,,,,,,,,,,,,,,,,,,,,,,,,,,,,19,,,,,,0,,,,,,,,,,,,,,,,,,,,,,,,,,,,
2013-09-18,W30065L1,ST4000DM000,4000787030016,0,,210412984,,,,,,,,0,,,,,,905,,,,,,,,,,,,,,,,,,,,,,,,,,,,,,21,,,,,,0,,,,,,,,,,,,,,,,,,,,,,,,,,,,
2013-09-18,W300D909,ST4000DM000,4000787030016,0,,230750120,,,,,,,,0,,,,,,2272,,,,,,,,,,,,,,,,,,,,,,,,,,,,,,18,,,,,,0,,,,,,,,,,,,,,,,,,,,,,,,,,,,
2013-09-18,W1F1MRP9,ST3000DM001,3000592982016,0,,82982576,,,,,,,,0,,,,,,6002,,,,,,,,,,,,,,,,,,,,,,,,,,,,,,28,,,,,,0,,,,,,,,,,,,,,,,,,,,,,,,,,,,
2013-09-18,Z300GZ3B,ST4000DM000,4000787030016,0,,38788584,,,,,,,,0,,,,,,1569,,,,,,,,,,,,,,,,,,,,,,,,,,,,,,18,,,,,,0,,,,,,,,,,,,,,,,,,,,,,,,,,,,
2013-09-18,W300B6Q9,ST4000DM000,4000787030016,0,,170751160,,,,,,,,0,,,,,,1571,,,,,,,,,,,,,,,,,,,,,,,,,,,,,,24,,,,,,0,,,,,,,,,,,,,,,,,,,,,,,,,,,,
2013-09-18,Z300GZ3N,ST4000DM000,4000787030016,0,,19651656,,,,,,,,0,,,,,,1567,,,,,,,,,,,,,,,,,,,,,,,,,,,,,,24,,,,,,0,,,,,,,,,,,,,,,,,,,,,,,,,,,,
2013-09-18,Z300GZ3M,ST4000DM000,4000787030016,0,,143529696,,,,,,,,0,,,,,,1565,,,,,,,,,,,,,,,,,,,,,,,,,,,,,,19,,,,,,0,,,,,,,,,,,,,,,,,,,,,,,,,,,,
2013-09-18,W300B5ZJ,ST4000DM000,4000787030016,0,,68055536,,,,,,,,0,,,,,,1571,,,,,,,,,,,,,,,,,,,,,,,,,,,,,,24,,,,,,0,,,,,,,,,,,,,,,,,,,,,,,,,,,,
2013-09-18,W300CGH4,ST4000DM000,4000787030016,0,,17340200,,,,,,,,0,,,,,,2123,,,,,,,,,,,,,,,,,,,,,,,,,,,,,,18,,,,,,0,,,,,,,,,,,,,,,,,,,,,,,,,,,,
2013-09-18,W1F1ARBY,ST3000DM001,3000592982016,0,,90573104,,,,,,,,8,,,,,,6027,,,,,,,,,,,,,,,,,,,,,,,,,,,,,,30,,,,,,0,,,,,,,,,,,,,,,,,,,,,,,,,,,,
2013-09-18,W300B5Z4,ST4000DM000,4000787030016,0,,177185352,,,,,,,,0,,,,,,1570,,,,,,,,,,,,,,,,,,,,,,,,,,,,,,19,,,,,,0,,,,,,,,,,,,,,,,,,,,,,,,,,,,
2013-09-18,W300BMP8,ST4000DM000,4000787030016,0,,140976488,,,,,,,,0,,,,,,1593,,,,,,,,,,,,,,,,,,,,,,,,,,,,,,22,,,,,,0,,,,,,,,,,,,,,,,,,,,,,,,,,,,
2013-09-18,W300BMP7,ST4000DM000,4000787030016,0,,9171528,,,,,,,,0,,,,,,1594,,,,,,,,,,,,,,,,,,,,,,,,,,,,,,19,,,,,,0,,,,,,,,,,,,,,,,,,,,,,,,,,,,
2013-09-18,W30093NN,ST4000DM000,4000787030016,0,,134590120,,,,,,,,0,,,,,,2272,,,,,,,,,,,,,,,,,,,,,,,,,,,,,,22,,,,,,0,,,,,,,,,,,,,,,,,,,,,,,,,,,,
2013-09-18,MJ1311YNG3E76A,Hitachi HDS5C3030ALA630,3000592982016,0,,0,,,,,,,,1161,,,,,,17303,,,,,,,,,,,,,,,,,,,,,,,,,,,,,,28,,,,,,0,,,,,,,,,,,,,,,,,,,,,,,,,,,,
2013-09-18,W300BMBE,ST4000DM000,4000787030016,0,,15131512,,,,,,,,0,,,,,,838,,,,,,,,,,,,,,,,,,,,,,,,,,,,,,24,,,,,,0,,,,,,,,,,,,,,,,,,,,,,,,,,,,
2013-09-18,W3006520,ST4000DM000,4000787030016,0,,143503528,,,,,,,,0,,,,,,838,,,,,,,,,,,,,,,,,,,,,,,,,,,,,,22,,,,,,0,,,,,,,,,,,,,,,,,,,,,,,,,,,,
2013-09-18,W3004YM8,ST4000DM000,4000787030016,0,,200336848,,,,,,,,0,,,,,,905,,,,,,,,,,,,,,,,,,,,,,,,,,,,,,20,,,,,,0,,,,,,,,,,,,,,,,,,,,,,,,,,,,
2013-09-18,W30091F0,ST4000DM000,4000787030016,0,,125071576,,,,,,,,0,,,,,,2123,,,,,,,,,,,,,,,,,,,,,,,,,,,,,,19,,,,,,0,,,,,,,,,,,,,,,,,,,,,,,,,,,,
2013-09-18,JK11A8B9J8M59F,Hitachi HDS722020ALA330,2000398934016,0,,0,,,,,,,,0,,,,,,22480,,,,,,,,,,,,,,,,,,,,,,,,,,,,,,27,,,,,,0,,,,,,,,,,,,,,,,,,,,,,,,,,,,
2013-09-18,Z300GYN1,ST4000DM000,4000787030016,0,,120826592,,,,,,,,0,,,,,,1569,,,,,,,,,,,,,,,,,,,,,,,,,,,,,,22,,,,,,0,,,,,,,,,,,,,,,,,,,,,,,,,,,,
2013-09-18,Z300MZFB,ST4000DM000,4000787030016,0,,189210120,,,,,,,,0,,,,,,905,,,,,,,,,,,,,,,,,,,,,,,,,,,,,,18,,,,,,0,,,,,,,,,,,,,,,,,,,,,,,,,,,,
2013-09-18,MJ1311YNG3EGLA,Hitachi HDS5C3030ALA630,3000592982016,0,,0,,,,,,,,0,,,,,,17304,,,,,,,,,,,,,,,,,,,,,,,,,,,,,,30,,,,,,0,,,,,,,,,,,,,,,,,,,,,,,,,,,,
2013-09-18,PL2321LAGASGWJ,Hitachi HDS5C4040ALE630,4000787030016,0,,0,,,,,,,,0,,,,,,3071,,,,,,,,,,,,,,,,,,,,,,,,,,,,,,30,,,,,,0,,,,,,,,,,,,,,,,,,,,,,,,,,,,
2013-09-18,W1F1CJ3G,ST3000DM001,3000592982016,0,,147272984,,,,,,,,0,,,,,,6005,,,,,,,,,,,,,,,,,,,,,,,,,,,,,,28,,,,,,0,,,,,,,,,,,,,,,,,,,,,,,,,,,,
2013-09-18,W30091JW,ST4000DM000,4000787030016,0,,145699080,,,,,,,,0,,,,,,2273,,,,,,,,,,,,,,,,,,,,,,,,,,,,,,22,,,,,,0,,,,,,,,,,,,,,,,,,,,,,,,,,,,
2013-09-18,Z300MEHA,ST4000DM000,4000787030016,0,,102350632,,,,,,,,0,,,,,,838,,,,,,,,,,,,,,,,,,,,,,,,,,,,,,23,,,,,,0,,,,,,,,,,,,,,,,,,,,,,,,,,,,
2013-09-18,Z300MGDV,ST4000DM000,4000787030016,0,,238658808,,,,,,,,0,,,,,,837,,,,,,,,,,,,,,,,,,,,,,,,,,,,,,20,,,,,,0,,,,,,,,,,,,,,,,,,,,,,,,,,,,
2013-09-18,Z300MEHG,ST4000DM000,4000787030016,0,,59318344,,,,,,,,0,,,,,,906,,,,,,,,,,,,,,,,,,,,,,,,,,,,,,22,,,,,,0,,,,,,,,,,,,,,,,,,,,,,,,,,,,
2013-09-18,MJ1311YNG0DL6A,Hitachi HDS5C3030ALA630,3000592982016,0,,0,,,,,,,,0,,,,,,17303,,,,,,,,,,,,,,,,,,,,,,,,,,,,,,29,,,,,,0,,,,,,,,,,,,,,,,,,,,,,,,,,,,
2013-09-18,Z300MJPD,ST4000DM000,4000787030016,0,,194695280,,,,,,,,0,,,,,,837,,,,,,,,,,,,,,,,,,,,,,,,,,,,,,23,,,,,,0,,,,,,,,,,,,,,,,,,,,,,,,,,,,
2013-09-18,Z300MJPE,ST4000DM000,4000787030016,0,,196846344,,,,,,,,0,,,,,,838,,,,,,,,,,,,,,,,,,,,,,,,,,,,,,23,,,,,,0,,,,,,,,,,,,,,,,,,,,,,,,,,,,
2013-09-18,MJ1321YNG0GVSA,Hitachi HDS5C3030ALA630,3000592982016,0,,0,,,,,,,,0,,,,,,17304,,,,,,,,,,,,,,,,,,,,,,,,,,,,,,28,,,,,,0,,,,,,,,,,,,,,,,,,,,,,,,,,,,
2013-09-18,JK11A8B9J97ZEF,Hitachi HDS722020ALA330,2000398934016,0,,0,,,,,,,,0,,,,,,22479,,,,,,,,,,,,,,,,,,,,,,,,,,,,,,30,,,,,,0,,,,,,,,,,,,,,,,,,,,,,,,,,,,
2013-09-18,W300EA8Z,ST4000DM000,4000787030016,0,,59086112,,,,,,,,0,,,,,,2273,,,,,,,,,,,,,,,,,,,,,,,,,,,,,,20,,,,,,0,,,,,,,,,,,,,,,,,,,,,,,,,,,,
2013-09-18,MJ1323YNG1TV3C,Hitachi HDS5C3030ALA630,3000592982016,0,,1,,,,,,,,0,,,,,,17303,,,,,,,,,,,,,,,,,,,,,,,,,,,,,,29,,,,,,0,,,,,,,,,,,,,,,,,,,,,,,,,,,,
2013-09-18,W300D5SS,ST4000DM000,4000787030016,0,,153136704,,,,,,,,0,,,,,,2123,,,,,,,,,,,,,,,,,,,,,,,,,,,,,,22,,,,,,0,,,,,,,,,,,,,,,,,,,,,,,,,,,,
2013-09-18,W300C55V,ST4000DM000,4000787030016,0,,158861800,,,,,,,,0,,,,,,2119,,,,,,,,,,,,,,,,,,,,,,,,,,,,,,18,,,,,,0,,,,,,,,,,,,,,,,,,,,,,,,,,,,
2013-09-18,W3002Y7X,ST4000DM000,4000787030016,0,,63221304,,,,,,,,0,,,,,,838,,,,,,,,,,,,,,,,,,,,,,,,,,,,,,23,,,,,,0,,,,,,,,,,,,,,,,,,,,,,,,,,,,
2013-09-18,Z300GQA5,ST4000DM000,4000787030016,0,,160835672,,,,,,,,0,,,,,,1567,,,,,,,,,,,,,,,,,,,,,,,,,,,,,,25,,,,,,0,,,,,,,,,,,,,,,,,,,,,,,,,,,,
2013-09-18,Z300GQ8V,ST4000DM000,4000787030016,0,,14461480,,,,,,,,0,,,,,,1566,,,,,,,,,,,,,,,,,,,,,,,,,,,,,,26,,,,,,0,,,,,,,,,,,,,,,,,,,,,,,,,,,,
2013-09-18,W300AX6L,ST4000DM000,4000787030016,0,,185270616,,,,,,,,0,,,,,,2122,,,,,,,,,,,,,,,,,,,,,,,,,,,,,,21,,,,,,0,,,,,,,,,,,,,,,,,,,,,,,,,,,,
2013-09-18,Z300MQX1,ST4000DM000,4000787030016,0,,167277592,,,,,,,,0,,,,,,838,,,,,,,,,,,,,,,,,,,,,,,,,,,,,,24,,,,,,0,,,,,,,,,,,,,,,,,,,,,,,,,,,,
2013-09-18,W1F096X7,ST3000DM001,3000592982016,0,,68734696,,,,,,,,0,,,,,,12694,,,,,,,,,,,,,,,,,,,,,,,,,,,,,,24,,,,,,0,,,,,,,,,,,,,,,,,,,,,,,,,,,,
2013-09-18,W300D6S3,ST4000DM000,4000787030016,0,,36469712,,,,,,,,0,,,,,,2123,,,,,,,,,,,,,,,,,,,,,,,,,,,,,,21,,,,,,0,,,,,,,,,,,,,,,,,,,,,,,,,,,,
2013-09-18,MJ1323YNG1U95C,Hitachi HDS5C3030ALA630,3000592982016,0,,0,,,,,,,,0,,,,,,17303,,,,,,,,,,,,,,,,,,,,,,,,,,,,,,28,,,,,,0,,,,,,,,,,,,,,,,,,,,,,,,,,,,
2013-09-18,W300BQVN,ST4000DM000,4000787030016,0,,179954712,,,,,,,,0,,,,,,1571,,,,,,,,,,,,,,,,,,,,,,,,,,,,,,22,,,,,,0,,,,,,,,,,,,,,,,,,,,,,,,,,,,
2013-09-18,Z1F1A1HH,ST3000DM001,3000592982016,0,,46350384,,,,,,,,0,,,,,,6006,,,,,,,,,,,,,,,,,,,,,,,,,,,,,,25,,,,,,0,,,,,,,,,,,,,,,,,,,,,,,,,,,,
2013-09-18,W300B6N3,ST4000DM000,4000787030016,0,,169002288,,,,,,,,0,,,,,,1570,,,,,,,,,,,,,,,,,,,,,,,,,,,,,,22,,,,,,0,,,,,,,,,,,,,,,,,,,,,,,,,,,,
2013-09-18,PL1311LAG24SGA,Hitachi HDS5C4040ALE630,4000787030016,0,,0,,,,,,,,0,,,,,,2158,,,,,,,,,,,,,,,,,,,,,,,,,,,,,,21,,,,,,0,,,,,,,,,,,,,,,,,,,,,,,,,,,,
2013-09-18,Z300GZEA,ST4000DM000,4000787030016,0,,35592392,,,,,,,,0,,,,,,1635,,,,,,,,,,,,,,,,,,,,,,,,,,,,,,26,,,,,,0,,,,,,,,,,,,,,,,,,,,,,,,,,,,
2013-09-18,W300BBV8,ST4000DM000,4000787030016,0,,71783848,,,,,,,,0,,,,,,1570,,,,,,,,,,,,,,,,,,,,,,,,,,,,,,18,,,,,,0,,,,,,,,,,,,,,,,,,,,,,,,,,,,
2013-09-18,W30068FE,ST4000DM000,4000787030016,0,,190009872,,,,,,,,0,,,,,,838,,,,,,,,,,,,,,,,,,,,,,,,,,,,,,23,,,,,,0,,,,,,,,,,,,,,,,,,,,,,,,,,,,
2013-09-18,Z300GZED,ST4000DM000,4000787030016,0,,122992296,,,,,,,,0,,,,,,1570,,,,,,,,,,,,,,,,,,,,,,,,,,,,,,24,,,,,,0,,,,,,,,,,,,,,,,,,,,,,,,,,,,
2013-09-18,Z300GZEG,ST4000DM000,4000787030016,0,,6130208,,,,,,,,0,,,,,,1566,,,,,,,,,,,,,,,,,,,,,,,,,,,,,,24,,,,,,0,,,,,,,,,,,,,,,,,,,,,,,,,,,,
2013-09-18,Z300GZEF,ST4000DM000,4000787030016,0,,236952656,,,,,,,,0,,,,,,1567,,,,,,,,,,,,,,,,,,,,,,,,,,,,,,23,,,,,,0,,,,,,,,,,,,,,,,,,,,,,,,,,,,
2013-09-18,JK11A8B9J8EJGF,Hitachi HDS722020ALA330,2000398934016,0,,0,,,,,,,,0,,,,,,22479,,,,,,,,,,,,,,,,,,,,,,,,,,,,,,31,,,,,,0,,,,,,,,,,,,,,,,,,,,,,,,,,,,
2013-09-18,Z300GZEK,ST4000DM000,4000787030016,0,,20501464,,,,,,,,0,,,,,,1569,,,,,,,,,,,,,,,,,,,,,,,,,,,,,,19,,,,,,0,,,,,,,,,,,,,,,,,,,,,,,,,,,,
2013-09-18,Z300GZ23,ST4000DM000,4000787030016,0,,51169144,,,,,,,,0,,,,,,1571,,,,,,,,,,,,,,,,,,,,,,,,,,,,,,23,,,,,,0,,,,,,,,,,,,,,,,,,,,,,,,,,,,
2013-09-18,W300JNJ5,ST4000DM000,4000787030016,0,,150511192,,,,,,,,0,,,,,,859,,,,,,,,,,,,,,,,,,,,,,,,,,,,,,20,,,,,,0,,,,,,,,,,,,,,,,,,,,,,,,,,,,
2013-09-18,Z300GZEN,ST4000DM000,4000787030016,0,,192315584,,,,,,,,0,,,,,,1569,,,,,,,,,,,,,,,,,,,,,,,,,,,,,,19,,,,,,0,,,,,,,,,,,,,,,,,,,,,,,,,,,,
2013-09-18,PL2321LAGASXAJ,Hitachi HDS5C4040ALE630,4000787030016,0,,0,,,,,,,,0,,,,,,3066,,,,,,,,,,,,,,,,,,,,,,,,,,,,,,30,,,,,,0,,,,,,,,,,,,,,,,,,,,,,,,,,,,
2013-09-18,W3005MVA,ST4000DM000,4000787030016,0,,198801816,,,,,,,,0,,,,,,886,,,,,,,,,,,,,,,,,,,,,,,,,,,,,,22,,,,,,0,,,,,,,,,,,,,,,,,,,,,,,,,,,,
2013-09-18,Z300GZET,ST4000DM000,4000787030016,0,,205322928,,,,,,,,0,,,,,,1570,,,,,,,,,,,,,,,,,,,,,,,,,,,,,,24,,,,,,0,,,,,,,,,,,,,,,,,,,,,,,,,,,,
2013-09-18,W300DBW6,ST4000DM000,4000787030016,0,,113358160,,,,,,,,0,,,,,,2123,,,,,,,,,,,,,,,,,,,,,,,,,,,,,,24,,,,,,0,,,,,,,,,,,,,,,,,,,,,,,,,,,,
2013-09-18,Z300MHJ0,ST4000DM000,4000787030016,0,,145713112,,,,,,,,0,,,,,,886,,,,,,,,,,,,,,,,,,,,,,,,,,,,,,25,,,,,,0,,,,,,,,,,,,,,,,,,,,,,,,,,,,
2013-09-18,MJ1321YNG179SA,Hitachi HDS5C3030ALA630,3000592982016,0,,0,,,,,,,,0,,,,,,17304,,,,,,,,,,,,,,,,,,,,,,,,,,,,,,27,,,,,,0,,,,,,,,,,,,,,,,,,,,,,,,,,,,
2013-09-18,W3006NM5,ST4000DM000,4000787030016,0,,214584144,,,,,,,,0,,,,,,489,,,,,,,,,,,,,,,,,,,,,,,,,,,,,,18,,,,,,0,,,,,,,,,,,,,,,,,,,,,,,,,,,,
2013-09-18,JK1130YAHAUVXT,Hitachi HDS722020ALA330,2000398934016,0,,0,,,,,,,,22,,,,,,17960,,,,,,,,,,,,,,,,,,,,,,,,,,,,,,27,,,,,,1,,,,,,,,,,,,,,,,,,,,,,,,,,,,
2013-09-18,Z1F14BGY,ST3000DM001,3000592982016,0,,167641600,,,,,,,,0,,,,,,6006,,,,,,,,,,,,,,,,,,,,,,,,,,,,,,27,,,,,,0,,,,,,,,,,,,,,,,,,,,,,,,,,,,
2013-09-18,W300B2QA,ST4000DM000,4000787030016,0,,80165456,,,,,,,,0,,,,,,1571,,,,,,,,,,,,,,,,,,,,,,,,,,,,,,22,,,,,,0,,,,,,,,,,,,,,,,,,,,,,,,,,,,
2013-09-18,W1F0A4SV,ST3000DM001,3000592982016,0,,201428664,,,,,,,,0,,,,,,12695,,,,,,,,,,,,,,,,,,,,,,,,,,,,,,22,,,,,,0,,,,,,,,,,,,,,,,,,,,,,,,,,,,
2013-09-18,MJ1323YNG1TUGC,Hitachi HDS5C3030ALA630,3000592982016,0,,0,,,,,,,,0,,,,,,17303,,,,,,,,,,,,,,,,,,,,,,,,,,,,,,28,,,,,,0,,,,,,,,,,,,,,,,,,,,,,,,,,,,
2013-09-18,W300BM3V,ST4000DM000,4000787030016,0,,38154704,,,,,,,,0,,,,,,2119,,,,,,,,,,,,,,,,,,,,,,,,,,,,,,21,,,,,,0,,,,,,,,,,,,,,,,,,,,,,,,,,,,
2013-09-18,W300B6NH,ST4000DM000,4000787030016,0,,81766672,,,,,,,,0,,,,,,1594,,,,,,,,,,,,,,,,,,,,,,,,,,,,,,21,,,,,,0,,,,,,,,,,,,,,,,,,,,,,,,,,,,
2013-09-18,MJ1311YNG3E1YA,Hitachi HDS5C3030ALA630,3000592982016,0,,0,,,,,,,,0,,,,,,17303,,,,,,,,,,,,,,,,,,,,,,,,,,,,,,29,,,,,,0,,,,,,,,,,,,,,,,,,,,,,,,,,,,
2013-09-18,Z300GZE7,ST4000DM000,4000787030016,0,,139204464,,,,,,,,0,,,,,,1566,,,,,,,,,,,,,,,,,,,,,,,,,,,,,,20,,,,,,0,,,,,,,,,,,,,,,,,,,,,,,,,,,,
2013-09-18,MJ1323YNG1TULC,Hitachi HDS5C3030ALA630,3000592982016,0,,0,,,,,,,,0,,,,,,17303,,,,,,,,,,,,,,,,,,,,,,,,,,,,,,30,,,,,,0,,,,,,,,,,,,,,,,,,,,,,,,,,,,
2013-09-18,Z300GZE9,ST4000DM000,4000787030016,0,,10703968,,,,,,,,0,,,,,,1566,,,,,,,,,,,,,,,,,,,,,,,,,,,,,,22,,,,,,0,,,,,,,,,,,,,,,,,,,,,,,,,,,,
2013-09-18,W300D6GB,ST4000DM000,4000787030016,0,,176421504,,,,,,,,0,,,,,,2122,,,,,,,,,,,,,,,,,,,,,,,,,,,,,,21,,,,,,0,,,,,,,,,,,,,,,,,,,,,,,,,,,,
2013-09-18,W1F0A3K3,ST3000DM001,3000592982016,0,,83469408,,,,,,,,0,,,,,,12691,,,,,,,,,,,,,,,,,,,,,,,,,,,,,,26,,,,,,0,,,,,,,,,,,,,,,,,,,,,,,,,,,,
2013-09-18,W300B2GV,ST4000DM000,4000787030016,0,,170612456,,,,,,,,0,,,,,,1593,,,,,,,,,,,,,,,,,,,,,,,,,,,,,,22,,,,,,0,,,,,,,,,,,,,,,,,,,,,,,,,,,,
2013-09-18,W300DZ88,ST4000DM000,4000787030016,0,,191425800,,,,,,,,0,,,,,,2123,,,,,,,,,,,,,,,,,,,,,,,,,,,,,,23,,,,,,0,,,,,,,,,,,,,,,,,,,,,,,,,,,,
2013-09-18,Z300GPGT,ST4000DM000,4000787030016,0,,175993944,,,,,,,,0,,,,,,1565,,,,,,,,,,,,,,,,,,,,,,,,,,,,,,20,,,,,,0,,,,,,,,,,,,,,,,,,,,,,,,,,,,
2013-09-18,PL1331LAGB647H,Hitachi HDS5C4040ALE630,4000787030016,0,,0,,,,,,,,0,,,,,,3071,,,,,,,,,,,,,,,,,,,,,,,,,,,,,,26,,,,,,0,,,,,,,,,,,,,,,,,,,,,,,,,,,,
2013-09-18,Z300GPGP,ST4000DM000,4000787030016,0,,193236928,,,,,,,,0,,,,,,1571,,,,,,,,,,,,,,,,,,,,,,,,,,,,,,25,,,,,,0,,,,,,,,,,,,,,,,,,,,,,,,,,,,
2013-09-18,W300BQV0,ST4000DM000,4000787030016,0,,116048936,,,,,,,,0,,,,,,1570,,,,,,,,,,,,,,,,,,,,,,,,,,,,,,20,,,,,,0,,,,,,,,,,,,,,,,,,,,,,,,,,,,
2013-09-18,W300BMWA,ST4000DM000,4000787030016,0,,99482176,,,,,,,,0,,,,,,1571,,,,,,,,,,,,,,,,,,,,,,,,,,,,,,23,,,,,,0,,,,,,,,,,,,,,,,,,,,,,,,,,,,
2013-09-18,MJ1311YNG3996A,Hitachi HDS5C3030ALA630,3000592982016,0,,0,,,,,,,,0,,,,,,17303,,,,,,,,,,,,,,,,,,,,,,,,,,,,,,28,,,,,,0,,,,,,,,,,,,,,,,,,,,,,,,,,,,
2013-09-18,W300B395,ST4000DM000,4000787030016,0,,202793536,,,,,,,,0,,,,,,1570,,,,,,,,,,,,,,,,,,,,,,,,,,,,,,20,,,,,,0,,,,,,,,,,,,,,,,,,,,,,,,,,,,
2013-09-18,PL1321LAGB3BPH,Hitachi HDS5C4040ALE630,4000787030016,0,,0,,,,,,,,0,,,,,,3071,,,,,,,,,,,,,,,,,,,,,,,,,,,,,,28,,,,,,0,,,,,,,,,,,,,,,,,,,,,,,,,,,,
2013-09-18,W300B6GF,ST4000DM000,4000787030016,0,,100990456,,,,,,,,0,,,,,,1570,,,,,,,,,,,,,,,,,,,,,,,,,,,,,,22,,,,,,0,,,,,,,,,,,,,,,,,,,,,,,,,,,,
2013-09-18,W300C9H8,ST4000DM000,4000787030016,0,,87417000,,,,,,,,0,,,,,,2119,,,,,,,,,,,,,,,,,,,,,,,,,,,,,,19,,,,,,0,,,,,,,,,,,,,,,,,,,,,,,,,,,,
2013-09-18,W300CD1D,ST4000DM000,4000787030016,0,,146427416,,,,,,,,0,,,,,,2272,,,,,,,,,,,,,,,,,,,,,,,,,,,,,,23,,,,,,0,,,,,,,,,,,,,,,,,,,,,,,,,,,,
2013-09-18,Z300GPGA,ST4000DM000,4000787030016,0,,150157408,,,,,,,,0,,,,,,1566,,,,,,,,,,,,,,,,,,,,,,,,,,,,,,21,,,,,,0,,,,,,,,,,,,,,,,,,,,,,,,,,,,
2013-09-18,W3006MYZ,ST4000DM000,4000787030016,0,,127507280,,,,,,,,0,,,,,,859,,,,,,,,,,,,,,,,,,,,,,,,,,,,,,19,,,,,,0,,,,,,,,,,,,,,,,,,,,,,,,,,,,
2013-09-18,PL1321LAGAZJ3H,Hitachi HDS5C4040ALE630,4000787030016,0,,0,,,,,,,,0,,,,,,3067,,,,,,,,,,,,,,,,,,,,,,,,,,,,,,29,,,,,,0,,,,,,,,,,,,,,,,,,,,,,,,,,,,
2013-09-18,W3005ZL2,ST4000DM000,4000787030016,0,,242789520,,,,,,,,0,,,,,,838,,,,,,,,,,,,,,,,,,,,,,,,,,,,,,23,,,,,,0,,,,,,,,,,,,,,,,,,,,,,,,,,,,
2013-09-18,PL1321LAGAXKKH,Hitachi HDS5C4040ALE630,4000787030016,0,,0,,,,,,,,0,,,,,,3071,,,,,,,,,,,,,,,,,,,,,,,,,,,,,,29,,,,,,0,,,,,,,,,,,,,,,,,,,,,,,,,,,,
2013-09-18,Z300GPYT,ST4000DM000,4000787030016,0,,226255560,,,,,,,,0,,,,,,1567,,,,,,,,,,,,,,,,,,,,,,,,,,,,,,23,,,,,,0,,,,,,,,,,,,,,,,,,,,,,,,,,,,
2013-09-18,Z300GPGK,ST4000DM000,4000787030016,0,,228263416,,,,,,,,0,,,,,,1567,,,,,,,,,,,,,,,,,,,,,,,,,,,,,,25,,,,,,0,,,,,,,,,,,,,,,,,,,,,,,,,,,,
2013-09-18,Z300GYVW,ST4000DM000,4000787030016,0,,19588568,,,,,,,,0,,,,,,1567,,,,,,,,,,,,,,,,,,,,,,,,,,,,,,24,,,,,,0,,,,,,,,,,,,,,,,,,,,,,,,,,,,
2013-09-18,Z300GPR5,ST4000DM000,4000787030016,0,,61618056,,,,,,,,0,,,,,,1567,,,,,,,,,,,,,,,,,,,,,,,,,,,,,,26,,,,,,0,,,,,,,,,,,,,,,,,,,,,,,,,,,,
2013-09-18,Z300GPR2,ST4000DM000,4000787030016,0,,133052392,,,,,,,,0,,,,,,1566,,,,,,,,,,,,,,,,,,,,,,,,,,,,,,25,,,,,,0,,,,,,,,,,,,,,,,,,,,,,,,,,,,
2013-09-18,Z300MQM6,ST4000DM000,4000787030016,0,,51621560,,,,,,,,0,,,,,,886,,,,,,,,,,,,,,,,,,,,,,,,,,,,,,25,,,,,,0,,,,,,,,,,,,,,,,,,,,,,,,,,,,
2013-09-18,Z300GPJ2,ST4000DM000,4000787030016,0,,89381648,,,,,,,,0,,,,,,1565,,,,,,,,,,,,,,,,,,,,,,,,,,,,,,20,,,,,,0,,,,,,,,,,,,,,,,,,,,,,,,,,,,
2013-09-18,Z300GYVZ,ST4000DM000,4000787030016,0,,139102896,,,,,,,,0,,,,,,1567,,,,,,,,,,,,,,,,,,,,,,,,,,,,,,26,,,,,,0,,,,,,,,,,,,,,,,,,,,,,,,,,,,
2013-09-18,W300BJ1G,ST4000DM000,4000787030016,0,,85501576,,,,,,,,0,,,,,,1594,,,,,,,,,,,,,,,,,,,,,,,,,,,,,,18,,,,,,0,,,,,,,,,,,,,,,,,,,,,,,,,,,,
2013-09-18,S1F10FF0,ST3000DM001,3000592982016,0,,57548952,,,,,,,,0,,,,,,6006,,,,,,,,,,,,,,,,,,,,,,,,,,,,,,24,,,,,,0,,,,,,,,,,,,,,,,,,,,,,,,,,,,
2013-09-18,W300BMN7,ST4000DM000,4000787030016,0,,159776408,,,,,,,,0,,,,,,1594,,,,,,,,,,,,,,,,,,,,,,,,,,,,,,22,,,,,,0,,,,,,,,,,,,,,,,,,,,,,,,,,,,
2013-09-18,W300BMN6,ST4000DM000,4000787030016,0,,111112160,,,,,,,,0,,,,,,1570,,,,,,,,,,,,,,,,,,,,,,,,,,,,,,19,,,,,,0,,,,,,,,,,,,,,,,,,,,,,,,,,,,
2013-09-18,Z300GYVN,ST4000DM000,4000787030016,0,,26209592,,,,,,,,0,,,,,,1566,,,,,,,,,,,,,,,,,,,,,,,,,,,,,,25,,,,,,0,,,,,,,,,,,,,,,,,,,,,,,,,,,,
2013-09-18,JK11A8B9J8DDNF,Hitachi HDS722020ALA330,2000398934016,0,,65536,,,,,,,,0,,,,,,22480,,,,,,,,,,,,,,,,,,,,,,,,,,,,,,30,,,,,,1,,,,,,,,,,,,,,,,,,,,,,,,,,,,
2013-09-18,Z1F0VNSW,ST3000DM001,3000592982016,0,,197048360,,,,,,,,0,,,,,,6005,,,,,,,,,,,,,,,,,,,,,,,,,,,,,,26,,,,,,0,,,,,,,,,,,,,,,,,,,,,,,,,,,,
2013-09-18,W300BN6M,ST4000DM000,4000787030016,0,,121090960,,,,,,,,0,,,,,,1571,,,,,,,,,,,,,,,,,,,,,,,,,,,,,,22,,,,,,0,,,,,,,,,,,,,,,,,,,,,,,,,,,,
2013-09-18,MJ1323YNG1TPBC,Hitachi HDS5C3030ALA630,3000592982016,0,,65536,,,,,,,,0,,,,,,17303,,,,,,,,,,,,,,,,,,,,,,,,,,,,,,31,,,,,,0,,,,,,,,,,,,,,,,,,,,,,,,,,,,
2013-09-18,W3006BEA,ST4000DM000,4000787030016,0,,62899248,,,,,,,,0,,,,,,837,,,,,,,,,,,,,,,,,,,,,,,,,,,,,,20,,,,,,0,,,,,,,,,,,,,,,,,,,,,,,,,,,,
2013-09-18,PL1321LAGAB8XH,Hitachi HDS5C4040ALE630,4000787030016,0,,0,,,,,,,,0,,,,,,3071,,,,,,,,,,,,,,,,,,,,,,,,,,,,,,29,,,,,,0,,,,,,,,,,,,,,,,,,,,,,,,,,,,
2013-09-18,W300BLPN,ST4000DM000,4000787030016,0,,205069216,,,,,,,,0,,,,,,2273,,,,,,,,,,,,,,,,,,,,,,,,,,,,,,23,,,,,,0,,,,,,,,,,,,,,,,,,,,,,,,,,,,
2013-09-18,W1F09DBJ,ST3000DM001,3000592982016,0,,126584760,,,,,,,,0,,,,,,12695,,,,,,,,,,,,,,,,,,,,,,,,,,,,,,23,,,,,,0,,,,,,,,,,,,,,,,,,,,,,,,,,,,
2013-09-18,MJ1323YNG1SM5C,Hitachi HDS5C3030ALA630,3000592982016,0,,0,,,,,,,,0,,,,,,17303,,,,,,,,,,,,,,,,,,,,,,,,,,,,,,31,,,,,,0,,,,,,,,,,,,,,,,,,,,,,,,,,,,
2013-09-18,W300JNKT,ST4000DM000,4000787030016,0,,40386088,,,,,,,,0,,,,,,858,,,,,,,,,,,,,,,,,,,,,,,,,,,,,,20,,,,,,0,,,,,,,,,,,,,,,,,,,,,,,,,,,,
2013-09-18,W300BN5Q,ST4000DM000,4000787030016,0,,208297040,,,,,,,,0,,,,,,1594,,,,,,,,,,,,,,,,,,,,,,,,,,,,,,20,,,,,,0,,,,,,,,,,,,,,,,,,,,,,,,,,,,
2013-09-18,W300BLDQ,ST4000DM000,4000787030016,0,,39309800,,,,,,,,0,,,,,,2119,,,,,,,,,,,,,,,,,,,,,,,,,,,,,,20,,,,,,0,,,,,,,,,,,,,,,,,,,,,,,,,,,,
2013-09-18,Z300MQDR,ST4000DM000,4000787030016,0,,79458728,,,,,,,,0,,,,,,886,,,,,,,,,,,,,,,,,,,,,,,,,,,,,,26,,,,,,0,,,,,,,,,,,,,,,,,,,,,,,,,,,,
2013-09-18,W1F0A46X,ST3000DM001,3000592982016,0,,168660032,,,,,,,,0,,,,,,12695,,,,,,,,,,,,,,,,,,,,,,,,,,,,,,21,,,,,,0,,,,,,,,,,,,,,,,,,,,,,,,,,,,
2013-09-18,PL1331LAGAGHNH,Hitachi HDS5C4040ALE630,4000787030016,0,,0,,,,,,,,42,,,,,,3067,,,,,,,,,,,,,,,,,,,,,,,,,,,,,,31,,,,,,0,,,,,,,,,,,,,,,,,,,,,,,,,,,,
2013-09-18,S1F13432,ST3000DM001,3000592982016,0,,142384384,,,,,,,,0,,,,,,6004,,,,,,,,,,,,,,,,,,,,,,,,,,,,,,22,,,,,,0,,,,,,,,,,,,,,,,,,,,,,,,,,,,
2013-09-18,W300BNCB,ST4000DM000,4000787030016,0,,115932704,,,,,,,,0,,,,,,1594,,,,,,,,,,,,,,,,,,,,,,,,,,,,,,19,,,,,,0,,,,,,,,,,,,,,,,,,,,,,,,,,,,
2013-09-18,Z300MGQR,ST4000DM000,4000787030016,0,,86488704,,,,,,,,0,,,,,,887,,,,,,,,,,,,,,,,,,,,,,,,,,,,,,26,,,,,,0,,,,,,,,,,,,,,,,,,,,,,,,,,,,
2013-09-18,Z300GQF2,ST4000DM000,4000787030016,0,,35789088,,,,,,,,0,,,,,,1566,,,,,,,,,,,,,,,,,,,,,,,,,,,,,,23,,,,,,0,,,,,,,,,,,,,,,,,,,,,,,,,,,,
2013-09-18,MJ1313YNG0ZL2C,Hitachi HDS5C3030ALA630,3000592982016,0,,20447233,,,,,,,,103,,,,,,17304,,,,,,,,,,,,,,,,,,,,,,,,,,,,,,29,,,,,,0,,,,,,,,,,,,,,,,,,,,,,,,,,,,
2013-09-18,W300E0MF,ST4000DM000,4000787030016,0,,201990864,,,,,,,,0,,,,,,2119,,,,,,,,,,,,,,,,,,,,,,,,,,,,,,21,,,,,,0,,,,,,,,,,,,,,,,,,,,,,,,,,,,
2013-09-18,W1F0A467,ST3000DM001,3000592982016,0,,123417944,,,,,,,,0,,,,,,12694,,,,,,,,,,,,,,,,,,,,,,,,,,,,,,23,,,,,,0,,,,,,,,,,,,,,,,,,,,,,,,,,,,
2013-09-18,MJ1323YNG1TZKC,Hitachi HDS5C3030ALA630,3000592982016,0,,0,,,,,,,,0,,,,,,17303,,,,,,,,,,,,,,,,,,,,,,,,,,,,,,28,,,,,,0,,,,,,,,,,,,,,,,,,,,,,,,,,,,
2013-09-18,JK11A8B9J7G1BF,Hitachi HDS722020ALA330,2000398934016,0,,0,,,,,,,,0,,,,,,22479,,,,,,,,,,,,,,,,,,,,,,,,,,,,,,30,,,,,,0,,,,,,,,,,,,,,,,,,,,,,,,,,,,
2013-09-18,Z300GYV7,ST4000DM000,4000787030016,0,,196871592,,,,,,,,0,,,,,,1571,,,,,,,,,,,,,,,,,,,,,,,,,,,,,,23,,,,,,0,,,,,,,,,,,,,,,,,,,,,,,,,,,,
2013-09-18,Z300GPRW,ST4000DM000,4000787030016,0,,83589440,,,,,,,,0,,,,,,1566,,,,,,,,,,,,,,,,,,,,,,,,,,,,,,19,,,,,,0,,,,,,,,,,,,,,,,,,,,,,,,,,,,
2013-09-18,Z300GPRT,ST4000DM000,4000787030016,0,,115085256,,,,,,,,0,,,,,,1566,,,,,,,,,,,,,,,,,,,,,,,,,,,,,,20,,,,,,0,,,,,,,,,,,,,,,,,,,,,,,,,,,,
2013-09-18,W300BJ10,ST4000DM000,4000787030016,0,,54024104,,,,,,,,0,,,,,,1594,,,,,,,,,,,,,,,,,,,,,,,,,,,,,,18,,,,,,0,,,,,,,,,,,,,,,,,,,,,,,,,,,,
2013-09-18,Z300MHXV,ST4000DM000,4000787030016,0,,126719264,,,,,,,,0,,,,,,887,,,,,,,,,,,,,,,,,,,,,,,,,,,,,,26,,,,,,0,,,,,,,,,,,,,,,,,,,,,,,,,,,,
2013-09-18,W3006CP6,ST4000DM000,4000787030016,0,,131797920,,,,,,,,0,,,,,,837,,,,,,,,,,,,,,,,,,,,,,,,,,,,,,21,,,,,,0,,,,,,,,,,,,,,,,,,,,,,,,,,,,
2013-09-18,Z300MHXT,ST4000DM000,4000787030016,0,,240107184,,,,,,,,0,,,,,,886,,,,,,,,,,,,,,,,,,,,,,,,,,,,,,25,,,,,,0,,,,,,,,,,,,,,,,,,,,,,,,,,,,
2013-09-18,Z300MW6L,ST4000DM000,4000787030016,0,,41936288,,,,,,,,0,,,,,,905,,,,,,,,,,,,,,,,,,,,,,,,,,,,,,21,,,,,,0,,,,,,,,,,,,,,,,,,,,,,,,,,,,
2013-09-18,Z300GYZK,ST4000DM000,4000787030016,0,,104768888,,,,,,,,0,,,,,,1566,,,,,,,,,,,,,,,,,,,,,,,,,,,,,,21,,,,,,0,,,,,,,,,,,,,,,,,,,,,,,,,,,,
2013-09-18,W30062HL,ST4000DM000,4000787030016,0,,67918392,,,,,,,,0,,,,,,905,,,,,,,,,,,,,,,,,,,,,,,,,,,,,,19,,,,,,0,,,,,,,,,,,,,,,,,,,,,,,,,,,,
2013-09-18,Z300GPWV,ST4000DM000,4000787030016,0,,75241816,,,,,,,,0,,,,,,1566,,,,,,,,,,,,,,,,,,,,,,,,,,,,,,19,,,,,,0,,,,,,,,,,,,,,,,,,,,,,,,,,,,
2013-09-18,Z300GPRC,ST4000DM000,4000787030016,0,,176213992,,,,,,,,0,,,,,,1565,,,,,,,,,,,,,,,,,,,,,,,,,,,,,,21,,,,,,0,,,,,,,,,,,,,,,,,,,,,,,,,,,,
2013-09-18,Z1F1479Y,ST3000DM001,3000592982016,0,,48060152,,,,,,,,0,,,,,,6005,,,,,,,,,,,,,,,,,,,,,,,,,,,,,,25,,,,,,0,,,,,,,,,,,,,,,,,,,,,,,,,,,,
2013-09-18,W300BNW0,ST4000DM000,4000787030016,0,,97588312,,,,,,,,0,,,,,,1571,,,,,,,,,,,,,,,,,,,,,,,,,,,,,,21,,,,,,0,,,,,,,,,,,,,,,,,,,,,,,,,,,,
2013-09-18,Z300GPRK,ST4000DM000,4000787030016,0,,85953504,,,,,,,,0,,,,,,1566,,,,,,,,,,,,,,,,,,,,,,,,,,,,,,21,,,,,,0,,,,,,,,,,,,,,,,,,,,,,,,,,,,
2013-09-18,W300E0E8,ST4000DM000,4000787030016,0,,65877192,,,,,,,,0,,,,,,2119,,,,,,,,,,,,,,,,,,,,,,,,,,,,,,18,,,,,,0,,,,,,,,,,,,,,,,,,,,,,,,,,,,
2013-09-18,Z300HM88,ST4000DM000,4000787030016,0,,219587520,,,,,,,,0,,,,,,838,,,,,,,,,,,,,,,,,,,,,,,,,,,,,,24,,,,,,0,,,,,,,,,,,,,,,,,,,,,,,,,,,,
2013-09-18,W300A6G2,ST4000DM000,4000787030016,0,,109299016,,,,,,,,0,,,,,,2272,,,,,,,,,,,,,,,,,,,,,,,,,,,,,,23,,,,,,0,,,,,,,,,,,,,,,,,,,,,,,,,,,,
2013-09-18,W300BGX9,ST4000DM000,4000787030016,0,,208704192,,,,,,,,0,,,,,,1594,,,,,,,,,,,,,,,,,,,,,,,,,,,,,,22,,,,,,0,,,,,,,,,,,,,,,,,,,,,,,,,,,,
2013-09-18,Z300GZ46,ST4000DM000,4000787030016,0,,140805616,,,,,,,,0,,,,,,1570,,,,,,,,,,,,,,,,,,,,,,,,,,,,,,24,,,,,,0,,,,,,,,,,,,,,,,,,,,,,,,,,,,
2013-09-18,W1F09VXK,ST3000DM001,3000592982016,0,,8321248,,,,,,,,0,,,,,,12695,,,,,,,,,,,,,,,,,,,,,,,,,,,,,,24,,,,,,0,,,,,,,,,,,,,,,,,,,,,,,,,,,,
2013-09-18,PL1311LAG2B0UH,Hitachi HDS5C4040ALE630,4000787030016,0,,0,,,,,,,,0,,,,,,2016,,,,,,,,,,,,,,,,,,,,,,,,,,,,,,24,,,,,,0,,,,,,,,,,,,,,,,,,,,,,,,,,,,
2013-09-18,W300B6KM,ST4000DM000,4000787030016,0,,135307240,,,,,,,,0,,,,,,1593,,,,,,,,,,,,,,,,,,,,,,,,,,,,,,21,,,,,,0,,,,,,,,,,,,,,,,,,,,,,,,,,,,
2013-09-18,W300B6KL,ST4000DM000,4000787030016,0,,26222936,,,,,,,,0,,,,,,1570,,,,,,,,,,,,,,,,,,,,,,,,,,,,,,22,,,,,,0,,,,,,,,,,,,,,,,,,,,,,,,,,,,
2013-09-18,PL1311LAG27R0H,Hitachi HDS5C4040ALE630,4000787030016,0,,0,,,,,,,,0,,,,,,2517,,,,,,,,,,,,,,,,,,,,,,,,,,,,,,24,,,,,,0,,,,,,,,,,,,,,,,,,,,,,,,,,,,
2013-09-18,Z300MPQC,ST4000DM000,4000787030016,0,,138290384,,,,,,,,0,,,,,,837,,,,,,,,,,,,,,,,,,,,,,,,,,,,,,23,,,,,,0,,,,,,,,,,,,,,,,,,,,,,,,,,,,
2013-09-18,W3006146,ST4000DM000,4000787030016,0,,103299488,,,,,,,,0,,,,,,886,,,,,,,,,,,,,,,,,,,,,,,,,,,,,,25,,,,,,0,,,,,,,,,,,,,,,,,,,,,,,,,,,,
2013-09-18,W300E2CY,ST4000DM000,4000787030016,0,,170815368,,,,,,,,0,,,,,,2272,,,,,,,,,,,,,,,,,,,,,,,,,,,,,,18,,,,,,0,,,,,,,,,,,,,,,,,,,,,,,,,,,,
2013-09-18,W300H0GX,ST4000DM000,4000787030016,0,,59805672,,,,,,,,0,,,,,,858,,,,,,,,,,,,,,,,,,,,,,,,,,,,,,20,,,,,,0,,,,,,,,,,,,,,,,,,,,,,,,,,,,
2013-09-18,JK11A8YBKRWKPF,Hitachi HDS722020ALA330,2000398934016,0,,0,,,,,,,,0,,,,,,1328,,,,,,,,,,,,,,,,,,,,,,,,,,,,,,28,,,,,,0,,,,,,,,,,,,,,,,,,,,,,,,,,,,
2013-09-18,Z300GYKX,ST4000DM000,4000787030016,0,,51824680,,,,,,,,0,,,,,,1566,,,,,,,,,,,,,,,,,,,,,,,,,,,,,,21,,,,,,0,,,,,,,,,,,,,,,,,,,,,,,,,,,,
2013-09-18,JK11A8B9J94XAF,Hitachi HDS722020ALA330,2000398934016,0,,0,,,,,,,,22,,,,,,22479,,,,,,,,,,,,,,,,,,,,,,,,,,,,,,31,,,,,,0,,,,,,,,,,,,,,,,,,,,,,,,,,,,
2013-09-18,Z300GPDS,ST4000DM000,4000787030016,0,,143950272,,,,,,,,0,,,,,,1567,,,,,,,,,,,,,,,,,,,,,,,,,,,,,,24,,,,,,0,,,,,,,,,,,,,,,,,,,,,,,,,,,,
2013-09-18,Z3001G7X,ST4000DM000,4000787030016,0,,230928912,,,,,,,,0,,,,,,316,,,,,,,,,,,,,,,,,,,,,,,,,,,,,,27,,,,,,0,,,,,,,,,,,,,,,,,,,,,,,,,,,,
2013-09-18,Z300MHN6,ST4000DM000,4000787030016,0,,87729736,,,,,,,,0,,,,,,906,,,,,,,,,,,,,,,,,,,,,,,,,,,,,,22,,,,,,0,,,,,,,,,,,,,,,,,,,,,,,,,,,,
2013-09-18,JK11A8B9J98X5F,Hitachi HDS722020ALA330,2000398934016,0,,0,,,,,,,,0,,,,,,22479,,,,,,,,,,,,,,,,,,,,,,,,,,,,,,30,,,,,,0,,,,,,,,,,,,,,,,,,,,,,,,,,,,
2013-09-18,Z300GYM7,ST4000DM000,4000787030016,0,,199688744,,,,,,,,0,,,,,,1567,,,,,,,,,,,,,,,,,,,,,,,,,,,,,,22,,,,,,0,,,,,,,,,,,,,,,,,,,,,,,,,,,,
2013-09-18,W300BH8D,ST4000DM000,4000787030016,0,,104131824,,,,,,,,0,,,,,,1594,,,,,,,,,,,,,,,,,,,,,,,,,,,,,,17,,,,,,0,,,,,,,,,,,,,,,,,,,,,,,,,,,,
2013-09-18,W300DYCC,ST4000DM000,4000787030016,0,,184875808,,,,,,,,0,,,,,,2122,,,,,,,,,,,,,,,,,,,,,,,,,,,,,,20,,,,,,0,,,,,,,,,,,,,,,,,,,,,,,,,,,,
2013-09-18,JK11A8B9J8GVHF,Hitachi HDS722020ALA330,2000398934016,0,,1,,,,,,,,0,,,,,,22480,,,,,,,,,,,,,,,,,,,,,,,,,,,,,,27,,,,,,0,,,,,,,,,,,,,,,,,,,,,,,,,,,,
2013-09-18,Z300MXAF,ST4000DM000,4000787030016,0,,65301296,,,,,,,,0,,,,,,905,,,,,,,,,,,,,,,,,,,,,,,,,,,,,,19,,,,,,0,,,,,,,,,,,,,,,,,,,,,,,,,,,,
2013-09-18,Z300GYP1,ST4000DM000,4000787030016,0,,52586744,,,,,,,,0,,,,,,1566,,,,,,,,,,,,,,,,,,,,,,,,,,,,,,25,,,,,,0,,,,,,,,,,,,,,,,,,,,,,,,,,,,
2013-09-18,W300JN9B,ST4000DM000,4000787030016,0,,23025272,,,,,,,,0,,,,,,858,,,,,,,,,,,,,,,,,,,,,,,,,,,,,,18,,,,,,0,,,,,,,,,,,,,,,,,,,,,,,,,,,,
2013-09-18,MJ1311YNG3EG3A,Hitachi HDS5C3030ALA630,3000592982016,0,,0,,,,,,,,0,,,,,,17303,,,,,,,,,,,,,,,,,,,,,,,,,,,,,,27,,,,,,0,,,,,,,,,,,,,,,,,,,,,,,,,,,,
2013-09-18,Z300HLT2,ST4000DM000,4000787030016,0,,65800008,,,,,,,,0,,,,,,886,,,,,,,,,,,,,,,,,,,,,,,,,,,,,,25,,,,,,0,,,,,,,,,,,,,,,,,,,,,,,,,,,,
2013-09-18,W300E00M,ST4000DM000,4000787030016,0,,86417280,,,,,,,,0,,,,,,2119,,,,,,,,,,,,,,,,,,,,,,,,,,,,,,21,,,,,,0,,,,,,,,,,,,,,,,,,,,,,,,,,,,
2013-09-18,W300BPMF,ST4000DM000,4000787030016,0,,207378712,,,,,,,,0,,,,,,2273,,,,,,,,,,,,,,,,,,,,,,,,,,,,,,22,,,,,,0,,,,,,,,,,,,,,,,,,,,,,,,,,,,
2013-09-18,Z300GPFE,ST4000DM000,4000787030016,0,,824488,,,,,,,,0,,,,,,1565,,,,,,,,,,,,,,,,,,,,,,,,,,,,,,20,,,,,,0,,,,,,,,,,,,,,,,,,,,,,,,,,,,
2013-09-18,W300D8ZD,ST4000DM000,4000787030016,0,,117334488,,,,,,,,0,,,,,,2273,,,,,,,,,,,,,,,,,,,,,,,,,,,,,,22,,,,,,0,,,,,,,,,,,,,,,,,,,,,,,,,,,,
2013-09-18,Z1F148T1,ST3000DM001,3000592982016,0,,6596768,,,,,,,,0,,,,,,6006,,,,,,,,,,,,,,,,,,,,,,,,,,,,,,27,,,,,,0,,,,,,,,,,,,,,,,,,,,,,,,,,,,
2013-09-18,S1F122KD,ST3000DM001,3000592982016,0,,186462528,,,,,,,,0,,,,,,6006,,,,,,,,,,,,,,,,,,,,,,,,,,,,,,26,,,,,,0,,,,,,,,,,,,,,,,,,,,,,,,,,,,
2013-09-18,W300B6GT,ST4000DM000,4000787030016,0,,243970256,,,,,,,,0,,,,,,1593,,,,,,,,,,,,,,,,,,,,,,,,,,,,,,21,,,,,,0,,,,,,,,,,,,,,,,,,,,,,,,,,,,
2013-09-18,W300CKM2,ST4000DM000,4000787030016,0,,121618592,,,,,,,,0,,,,,,2119,,,,,,,,,,,,,,,,,,,,,,,,,,,,,,17,,,,,,0,,,,,,,,,,,,,,,,,,,,,,,,,,,,
2013-09-18,Z300HRV7,ST4000DM000,4000787030016,0,,174898752,,,,,,,,0,,,,,,905,,,,,,,,,,,,,,,,,,,,,,,,,,,,,,22,,,,,,0,,,,,,,,,,,,,,,,,,,,,,,,,,,,
2013-09-18,W300B5D1,ST4000DM000,4000787030016,0,,16879312,,,,,,,,0,,,,,,2274,,,,,,,,,,,,,,,,,,,,,,,,,,,,,,22,,,,,,0,,,,,,,,,,,,,,,,,,,,,,,,,,,,
2013-09-18,Z300GZ7G,ST4000DM000,4000787030016,0,,124513088,,,,,,,,0,,,,,,1571,,,,,,,,,,,,,,,,,,,,,,,,,,,,,,25,,,,,,0,,,,,,,,,,,,,,,,,,,,,,,,,,,,
2013-09-18,W300BNM1,ST4000DM000,4000787030016,0,,18380632,,,,,,,,0,,,,,,1594,,,,,,,,,,,,,,,,,,,,,,,,,,,,,,17,,,,,,0,,,,,,,,,,,,,,,,,,,,,,,,,,,,
2013-09-18,W3001FZP,ST4000DM000,4000787030016,0,,101447520,,,,,,,,0,,,,,,858,,,,,,,,,,,,,,,,,,,,,,,,,,,,,,20,,,,,,0,,,,,,,,,,,,,,,,,,,,,,,,,,,,
2013-09-18,W300BNM3,ST4000DM000,4000787030016,0,,236467904,,,,,,,,0,,,,,,1594,,,,,,,,,,,,,,,,,,,,,,,,,,,,,,21,,,,,,0,,,,,,,,,,,,,,,,,,,,,,,,,,,,
2013-09-18,W300DSSS,ST4000DM000,4000787030016,0,,190446568,,,,,,,,0,,,,,,2272,,,,,,,,,,,,,,,,,,,,,,,,,,,,,,21,,,,,,0,,,,,,,,,,,,,,,,,,,,,,,,,,,,
2013-09-18,W3005SG4,ST4000DM000,4000787030016,0,,56428208,,,,,,,,0,,,,,,859,,,,,,,,,,,,,,,,,,,,,,,,,,,,,,19,,,,,,0,,,,,,,,,,,,,,,,,,,,,,,,,,,,
2013-09-18,W300B610,ST4000DM000,4000787030016,0,,93758952,,,,,,,,0,,,,,,1571,,,,,,,,,,,,,,,,,,,,,,,,,,,,,,21,,,,,,0,,,,,,,,,,,,,,,,,,,,,,,,,,,,
2013-09-18,W1F0A60H,ST3000DM001,3000592982016,0,,111881928,,,,,,,,0,,,,,,12694,,,,,,,,,,,,,,,,,,,,,,,,,,,,,,22,,,,,,0,,,,,,,,,,,,,,,,,,,,,,,,,,,,
2013-09-18,MJ1323YNG1PGWC,Hitachi HDS5C3030ALA630,3000592982016,0,,0,,,,,,,,0,,,,,,17303,,,,,,,,,,,,,,,,,,,,,,,,,,,,,,30,,,,,,0,,,,,,,,,,,,,,,,,,,,,,,,,,,,
2013-09-18,W300JVNG,ST4000DM000,4000787030016,0,,16287856,,,,,,,,0,,,,,,858,,,,,,,,,,,,,,,,,,,,,,,,,,,,,,19,,,,,,0,,,,,,,,,,,,,,,,,,,,,,,,,,,,
2013-09-18,W300JVNB,ST4000DM000,4000787030016,0,,102971112,,,,,,,,0,,,,,,859,,,,,,,,,,,,,,,,,,,,,,,,,,,,,,16,,,,,,0,,,,,,,,,,,,,,,,,,,,,,,,,,,,
2013-09-18,W300B6K8,ST4000DM000,4000787030016,0,,142633808,,,,,,,,0,,,,,,1594,,,,,,,,,,,,,,,,,,,,,,,,,,,,,,21,,,,,,0,,,,,,,,,,,,,,,,,,,,,,,,,,,,
2013-09-18,W300B6VD,ST4000DM000,4000787030016,0,,163376024,,,,,,,,0,,,,,,1570,,,,,,,,,,,,,,,,,,,,,,,,,,,,,,19,,,,,,0,,,,,,,,,,,,,,,,,,,,,,,,,,,,
2013-09-18,W300C0F1,ST4000DM000,4000787030016,0,,59984800,,,,,,,,0,,,,,,2122,,,,,,,,,,,,,,,,,,,,,,,,,,,,,,21,,,,,,0,,,,,,,,,,,,,,,,,,,,,,,,,,,,
2013-09-18,Z300GYLR,ST4000DM000,4000787030016,0,,149026240,,,,,,,,0,,,,,,1566,,,,,,,,,,,,,,,,,,,,,,,,,,,,,,18,,,,,,0,,,,,,,,,,,,,,,,,,,,,,,,,,,,
2013-09-18,PL2321LAGASHNJ,Hitachi HDS5C4040ALE630,4000787030016,0,,0,,,,,,,,0,,,,,,3067,,,,,,,,,,,,,,,,,,,,,,,,,,,,,,29,,,,,,0,,,,,,,,,,,,,,,,,,,,,,,,,,,,
2013-09-18,W300D95M,ST4000DM000,4000787030016,0,,46575392,,,,,,,,0,,,,,,2273,,,,,,,,,,,,,,,,,,,,,,,,,,,,,,22,,,,,,0,,,,,,,,,,,,,,,,,,,,,,,,,,,,
2013-09-18,W3008PM0,ST4000DM000,4000787030016,0,,21373984,,,,,,,,0,,,,,,2272,,,,,,,,,,,,,,,,,,,,,,,,,,,,,,19,,,,,,0,,,,,,,,,,,,,,,,,,,,,,,,,,,,
2013-09-18,W3006MY6,ST4000DM000,4000787030016,0,,231427288,,,,,,,,0,,,,,,858,,,,,,,,,,,,,,,,,,,,,,,,,,,,,,17,,,,,,0,,,,,,,,,,,,,,,,,,,,,,,,,,,,
2013-09-18,W300JPPT,ST4000DM000,4000787030016,0,,161005040,,,,,,,,0,,,,,,858,,,,,,,,,,,,,,,,,,,,,,,,,,,,,,20,,,,,,0,,,,,,,,,,,,,,,,,,,,,,,,,,,,
2013-09-18,W30065CH,ST4000DM000,4000787030016,0,,153252248,,,,,,,,0,,,,,,858,,,,,,,,,,,,,,,,,,,,,,,,,,,,,,16,,,,,,0,,,,,,,,,,,,,,,,,,,,,,,,,,,,
2013-09-18,W300B6Y0,ST4000DM000,4000787030016,0,,139357568,,,,,,,,0,,,,,,1571,,,,,,,,,,,,,,,,,,,,,,,,,,,,,,22,,,,,,0,,,,,,,,,,,,,,,,,,,,,,,,,,,,
2013-09-18,Z300MWDV,ST4000DM000,4000787030016,0,,173252384,,,,,,,,0,,,,,,887,,,,,,,,,,,,,,,,,,,,,,,,,,,,,,26,,,,,,0,,,,,,,,,,,,,,,,,,,,,,,,,,,,
2013-09-18,W300JMZ1,ST4000DM000,4000787030016,0,,60506928,,,,,,,,0,,,,,,859,,,,,,,,,,,,,,,,,,,,,,,,,,,,,,20,,,,,,0,,,,,,,,,,,,,,,,,,,,,,,,,,,,
2013-09-18,Z300GPM2,ST4000DM000,4000787030016,0,,199480696,,,,,,,,0,,,,,,1567,,,,,,,,,,,,,,,,,,,,,,,,,,,,,,24,,,,,,0,,,,,,,,,,,,,,,,,,,,,,,,,,,,
2013-09-18,Z300GYZE,ST4000DM000,4000787030016,0,,17230704,,,,,,,,0,,,,,,1571,,,,,,,,,,,,,,,,,,,,,,,,,,,,,,25,,,,,,0,,,,,,,,,,,,,,,,,,,,,,,,,,,,
2013-09-18,Z300GYZD,ST4000DM000,4000787030016,0,,141157680,,,,,,,,0,,,,,,1569,,,,,,,,,,,,,,,,,,,,,,,,,,,,,,21,,,,,,0,,,,,,,,,,,,,,,,,,,,,,,,,,,,
2013-09-18,W1F03Z30,ST3000DM001,3000592982016,0,,164484088,,,,,,,,0,,,,,,12695,,,,,,,,,,,,,,,,,,,,,,,,,,,,,,25,,,,,,0,,,,,,,,,,,,,,,,,,,,,,,,,,,,
2013-09-18,W300B2VQ,ST4000DM000,4000787030016,0,,70656576,,,,,,,,0,,,,,,1571,,,,,,,,,,,,,,,,,,,,,,,,,,,,,,23,,,,,,0,,,,,,,,,,,,,,,,,,,,,,,,,,,,
2013-09-18,W1F1N6V6,ST3000DM001,3000592982016,0,,27508720,,,,,,,,0,,,,,,6003,,,,,,,,,,,,,,,,,,,,,,,,,,,,,,27,,,,,,0,,,,,,,,,,,,,,,,,,,,,,,,,,,,
2013-09-18,Z3005HFF,ST4000DM000,4000787030016,0,,63542952,,,,,,,,0,,,,,,572,,,,,,,,,,,,,,,,,,,,,,,,,,,,,,19,,,,,,0,,,,,,,,,,,,,,,,,,,,,,,,,,,,
2013-09-18,Z300MGKC,ST4000DM000,4000787030016,0,,127739656,,,,,,,,0,,,,,,838,,,,,,,,,,,,,,,,,,,,,,,,,,,,,,24,,,,,,0,,,,,,,,,,,,,,,,,,,,,,,,,,,,
2013-09-18,PL2321LAGARWEJ,Hitachi HDS5C4040ALE630,4000787030016,0,,0,,,,,,,,0,,,,,,3071,,,,,,,,,,,,,,,,,,,,,,,,,,,,,,27,,,,,,0,,,,,,,,,,,,,,,,,,,,,,,,,,,,
2013-09-18,Z300MPN4,ST4000DM000,4000787030016,0,,235346464,,,,,,,,0,,,,,,906,,,,,,,,,,,,,,,,,,,,,,,,,,,,,,23,,,,,,0,,,,,,,,,,,,,,,,,,,,,,,,,,,,
2013-09-18,W1F0A0SA,ST3000DM001,3000592982016,0,,157605928,,,,,,,,0,,,,,,12690,,,,,,,,,,,,,,,,,,,,,,,,,,,,,,23,,,,,,0,,,,,,,,,,,,,,,,,,,,,,,,,,,,
2013-09-18,MJ1323YNG1UD5C,Hitachi HDS5C3030ALA630,3000592982016,0,,0,,,,,,,,0,,,,,,17304,,,,,,,,,,,,,,,,,,,,,,,,,,,,,,29,,,,,,0,,,,,,,,,,,,,,,,,,,,,,,,,,,,
2013-09-18,PL1331LAGAZ8LH,Hitachi HDS5C4040ALE630,4000787030016,0,,0,,,,,,,,0,,,,,,3071,,,,,,,,,,,,,,,,,,,,,,,,,,,,,,28,,,,,,0,,,,,,,,,,,,,,,,,,,,,,,,,,,,
2013-09-18,JK11A8B9J5HRLF,Hitachi HDS722020ALA330,2000398934016,0,,0,,,,,,,,0,,,,,,22480,,,,,,,,,,,,,,,,,,,,,,,,,,,,,,30,,,,,,0,,,,,,,,,,,,,,,,,,,,,,,,,,,,
2013-09-18,PL1331LAGB4PPH,Hitachi HDS5C4040ALE630,4000787030016,0,,0,,,,,,,,0,,,,,,3067,,,,,,,,,,,,,,,,,,,,,,,,,,,,,,30,,,,,,0,,,,,,,,,,,,,,,,,,,,,,,,,,,,
2013-09-18,Z300GYYQ,ST4000DM000,4000787030016,0,,14339856,,,,,,,,0,,,,,,1565,,,,,,,,,,,,,,,,,,,,,,,,,,,,,,18,,,,,,0,,,,,,,,,,,,,,,,,,,,,,,,,,,,
2013-09-18,W300D4PR,ST4000DM000,4000787030016,0,,75352168,,,,,,,,0,,,,,,2273,,,,,,,,,,,,,,,,,,,,,,,,,,,,,,21,,,,,,0,,,,,,,,,,,,,,,,,,,,,,,,,,,,
2013-09-18,Z300GPMF,ST4000DM000,4000787030016,0,,215161368,,,,,,,,0,,,,,,1567,,,,,,,,,,,,,,,,,,,,,,,,,,,,,,23,,,,,,0,,,,,,,,,,,,,,,,,,,,,,,,,,,,
2013-09-18,W300BMRD,ST4000DM000,4000787030016,0,,62043288,,,,,,,,0,,,,,,1570,,,,,,,,,,,,,,,,,,,,,,,,,,,,,,20,,,,,,0,,,,,,,,,,,,,,,,,,,,,,,,,,,,
2013-09-18,W300DC56,ST4000DM000,4000787030016,0,,241701784,,,,,,,,0,,,,,,2122,,,,,,,,,,,,,,,,,,,,,,,,,,,,,,21,,,,,,0,,,,,,,,,,,,,,,,,,,,,,,,,,,,
2013-09-18,W300B2XL,ST4000DM000,4000787030016,0,,198831184,,,,,,,,0,,,,,,1571,,,,,,,,,,,,,,,,,,,,,,,,,,,,,,22,,,,,,0,,,,,,,,,,,,,,,,,,,,,,,,,,,,
2013-09-18,Z300GQ30,ST4000DM000,4000787030016,0,,90978064,,,,,,,,0,,,,,,1635,,,,,,,,,,,,,,,,,,,,,,,,,,,,,,26,,,,,,0,,,,,,,,,,,,,,,,,,,,,,,,,,,,
2013-09-18,Z300GQ4D,ST4000DM000,4000787030016,0,,202518016,,,,,,,,0,,,,,,1566,,,,,,,,,,,,,,,,,,,,,,,,,,,,,,20,,,,,,0,,,,,,,,,,,,,,,,,,,,,,,,,,,,
2013-09-18,MJ1311YNG3GGAA,Hitachi HDS5C3030ALA630,3000592982016,0,,0,,,,,,,,0,,,,,,17304,,,,,,,,,,,,,,,,,,,,,,,,,,,,,,31,,,,,,0,,,,,,,,,,,,,,,,,,,,,,,,,,,,
2013-09-18,Z300GQ33,ST4000DM000,4000787030016,0,,5443000,,,,,,,,0,,,,,,1565,,,,,,,,,,,,,,,,,,,,,,,,,,,,,,22,,,,,,0,,,,,,,,,,,,,,,,,,,,,,,,,,,,
2013-09-18,W3005Q32,ST4000DM000,4000787030016,0,,186236216,,,,,,,,0,,,,,,886,,,,,,,,,,,,,,,,,,,,,,,,,,,,,,22,,,,,,0,,,,,,,,,,,,,,,,,,,,,,,,,,,,
2013-09-18,Z300MQ5Q,ST4000DM000,4000787030016,0,,40723960,,,,,,,,0,,,,,,837,,,,,,,,,,,,,,,,,,,,,,,,,,,,,,24,,,,,,0,,,,,,,,,,,,,,,,,,,,,,,,,,,,
2013-09-18,JK11A8B9J957RF,Hitachi HDS722020ALA330,2000398934016,0,,0,,,,,,,,0,,,,,,22480,,,,,,,,,,,,,,,,,,,,,,,,,,,,,,28,,,,,,0,,,,,,,,,,,,,,,,,,,,,,,,,,,,
2013-09-18,W300JMS7,ST4000DM000,4000787030016,0,,70790376,,,,,,,,0,,,,,,858,,,,,,,,,,,,,,,,,,,,,,,,,,,,,,18,,,,,,0,,,,,,,,,,,,,,,,,,,,,,,,,,,,
2013-09-18,Z300GQ4K,ST4000DM000,4000787030016,0,,171177888,,,,,,,,0,,,,,,1566,,,,,,,,,,,,,,,,,,,,,,,,,,,,,,22,,,,,,0,,,,,,,,,,,,,,,,,,,,,,,,,,,,
2013-09-18,MJ1311YNG00S5A,Hitachi HDS5C3030ALA630,3000592982016,0,,0,,,,,,,,0,,,,,,17303,,,,,,,,,,,,,,,,,,,,,,,,,,,,,,29,,,,,,0,,,,,,,,,,,,,,,,,,,,,,,,,,,,
2013-09-18,W300C10B,ST4000DM000,4000787030016,0,,171583688,,,,,,,,0,,,,,,2119,,,,,,,,,,,,,,,,,,,,,,,,,,,,,,18,,,,,,0,,,,,,,,,,,,,,,,,,,,,,,,,,,,
2013-09-18,W3005PPF,ST4000DM000,4000787030016,0,,161321472,,,,,,,,0,,,,,,886,,,,,,,,,,,,,,,,,,,,,,,,,,,,,,23,,,,,,0,,,,,,,,,,,,,,,,,,,,,,,,,,,,
2013-09-18,W300DDGA,ST4000DM000,4000787030016,0,,86381192,,,,,,,,0,,,,,,2123,,,,,,,,,,,,,,,,,,,,,,,,,,,,,,18,,,,,,0,,,,,,,,,,,,,,,,,,,,,,,,,,,,
2013-09-18,W3005MSA,ST4000DM000,4000787030016,0,,241953104,,,,,,,,0,,,,,,886,,,,,,,,,,,,,,,,,,,,,,,,,,,,,,23,,,,,,0,,,,,,,,,,,,,,,,,,,,,,,,,,,,
2013-09-18,W300B2Q4,ST4000DM000,4000787030016,0,,167928816,,,,,,,,0,,,,,,1571,,,,,,,,,,,,,,,,,,,,,,,,,,,,,,23,,,,,,0,,,,,,,,,,,,,,,,,,,,,,,,,,,,
2013-09-18,JK11A8B9J7G9WF,Hitachi HDS722020ALA330,2000398934016,0,,0,,,,,,,,0,,,,,,22480,,,,,,,,,,,,,,,,,,,,,,,,,,,,,,31,,,,,,0,,,,,,,,,,,,,,,,,,,,,,,,,,,,
2013-09-18,PL1331LAGA40EH,Hitachi HDS5C4040ALE630,4000787030016,0,,0,,,,,,,,0,,,,,,3071,,,,,,,,,,,,,,,,,,,,,,,,,,,,,,28,,,,,,0,,,,,,,,,,,,,,,,,,,,,,,,,,,,
2013-09-18,Z300MYFD,ST4000DM000,4000787030016,0,,198399112,,,,,,,,0,,,,,,837,,,,,,,,,,,,,,,,,,,,,,,,,,,,,,21,,,,,,0,,,,,,,,,,,,,,,,,,,,,,,,,,,,
2013-09-18,Z300GQHR,ST4000DM000,4000787030016,0,,80301592,,,,,,,,0,,,,,,1565,,,,,,,,,,,,,,,,,,,,,,,,,,,,,,21,,,,,,0,,,,,,,,,,,,,,,,,,,,,,,,,,,,
2013-09-18,Z300GQHW,ST4000DM000,4000787030016,0,,53959296,,,,,,,,0,,,,,,1569,,,,,,,,,,,,,,,,,,,,,,,,,,,,,,23,,,,,,0,,,,,,,,,,,,,,,,,,,,,,,,,,,,
2013-09-18,S1F12XGM,ST3000DM001,3000592982016,0,,95052824,,,,,,,,0,,,,,,6005,,,,,,,,,,,,,,,,,,,,,,,,,,,,,,23,,,,,,0,,,,,,,,,,,,,,,,,,,,,,,,,,,,
2013-09-18,S1F100R5,ST3000DM001,3000592982016,0,,36950104,,,,,,,,0,,,,,,6006,,,,,,,,,,,,,,,,,,,,,,,,,,,,,,29,,,,,,0,,,,,,,,,,,,,,,,,,,,,,,,,,,,
2013-09-18,W300B368,ST4000DM000,4000787030016,0,,5921288,,,,,,,,0,,,,,,1570,,,,,,,,,,,,,,,,,,,,,,,,,,,,,,21,,,,,,0,,,,,,,,,,,,,,,,,,,,,,,,,,,,
2013-09-18,Z300GZ0D,ST4000DM000,4000787030016,0,,224884928,,,,,,,,0,,,,,,1571,,,,,,,,,,,,,,,,,,,,,,,,,,,,,,25,,,,,,0,,,,,,,,,,,,,,,,,,,,,,,,,,,,
2013-09-18,W3006B3R,ST4000DM000,4000787030016,0,,12848576,,,,,,,,0,,,,,,858,,,,,,,,,,,,,,,,,,,,,,,,,,,,,,17,,,,,,0,,,,,,,,,,,,,,,,,,,,,,,,,,,,
2013-09-18,W300BPHF,ST4000DM000,4000787030016,0,,68050016,,,,,,,,0,,,,,,2122,,,,,,,,,,,,,,,,,,,,,,,,,,,,,,21,,,,,,0,,,,,,,,,,,,,,,,,,,,,,,,,,,,
2013-09-18,W30069JD,ST4000DM000,4000787030016,0,,111759792,,,,,,,,0,,,,,,905,,,,,,,,,,,,,,,,,,,,,,,,,,,,,,21,,,,,,0,,,,,,,,,,,,,,,,,,,,,,,,,,,,
2013-09-18,W300E03Y,ST4000DM000,4000787030016,0,,80831504,,,,,,,,0,,,,,,2122,,,,,,,,,,,,,,,,,,,,,,,,,,,,,,21,,,,,,0,,,,,,,,,,,,,,,,,,,,,,,,,,,,
2013-09-18,JK11A8B9J7EZJF,Hitachi HDS722020ALA330,2000398934016,0,,0,,,,,,,,1,,,,,,22480,,,,,,,,,,,,,,,,,,,,,,,,,,,,,,27,,,,,,0,,,,,,,,,,,,,,,,,,,,,,,,,,,,
2013-09-18,PL1321LAGAYGMH,Hitachi HDS5C4040ALE630,4000787030016,0,,0,,,,,,,,0,,,,,,3067,,,,,,,,,,,,,,,,,,,,,,,,,,,,,,31,,,,,,0,,,,,,,,,,,,,,,,,,,,,,,,,,,,
2013-09-18,Z300GZ0W,ST4000DM000,4000787030016,0,,173119424,,,,,,,,0,,,,,,1569,,,,,,,,,,,,,,,,,,,,,,,,,,,,,,23,,,,,,0,,,,,,,,,,,,,,,,,,,,,,,,,,,,
2013-09-18,Z300GQA8,ST4000DM000,4000787030016,0,,176122392,,,,,,,,0,,,,,,1566,,,,,,,,,,,,,,,,,,,,,,,,,,,,,,20,,,,,,0,,,,,,,,,,,,,,,,,,,,,,,,,,,,
2013-09-18,PL1321LAGATXMH,Hitachi HDS5C4040ALE630,4000787030016,0,,0,,,,,,,,0,,,,,,3067,,,,,,,,,,,,,,,,,,,,,,,,,,,,,,30,,,,,,0,,,,,,,,,,,,,,,,,,,,,,,,,,,,
2013-09-18,W300C8R1,ST4000DM000,4000787030016,0,,178944000,,,,,,,,0,,,,,,838,,,,,,,,,,,,,,,,,,,,,,,,,,,,,,24,,,,,,0,,,,,,,,,,,,,,,,,,,,,,,,,,,,
2013-09-18,W300B6J0,ST4000DM000,4000787030016,0,,28749112,,,,,,,,0,,,,,,1570,,,,,,,,,,,,,,,,,,,,,,,,,,,,,,19,,,,,,0,,,,,,,,,,,,,,,,,,,,,,,,,,,,
2013-09-18,W300BR48,ST4000DM000,4000787030016,0,,136414592,,,,,,,,0,,,,,,1570,,,,,,,,,,,,,,,,,,,,,,,,,,,,,,20,,,,,,0,,,,,,,,,,,,,,,,,,,,,,,,,,,,
2013-09-18,W300BN35,ST4000DM000,4000787030016,0,,121561144,,,,,,,,0,,,,,,1571,,,,,,,,,,,,,,,,,,,,,,,,,,,,,,23,,,,,,0,,,,,,,,,,,,,,,,,,,,,,,,,,,,
2013-09-18,Z300MY71,ST4000DM000,4000787030016,0,,157697000,,,,,,,,0,,,,,,887,,,,,,,,,,,,,,,,,,,,,,,,,,,,,,27,,,,,,0,,,,,,,,,,,,,,,,,,,,,,,,,,,,
2013-09-18,W300DF8H,ST4000DM000,4000787030016,0,,76545928,,,,,,,,0,,,,,,2272,,,,,,,,,,,,,,,,,,,,,,,,,,,,,,21,,,,,,0,,,,,,,,,,,,,,,,,,,,,,,,,,,,
2013-09-18,JK1101B9H5HSHF,Hitachi HDS722020ALA330,2000398934016,0,,0,,,,,,,,0,,,,,,9754,,,,,,,,,,,,,,,,,,,,,,,,,,,,,,31,,,,,,0,,,,,,,,,,,,,,,,,,,,,,,,,,,,
2013-09-18,W300BYW8,ST4000DM000,4000787030016,0,,203248144,,,,,,,,0,,,,,,2119,,,,,,,,,,,,,,,,,,,,,,,,,,,,,,19,,,,,,0,,,,,,,,,,,,,,,,,,,,,,,,,,,,
2013-09-18,PL1311LAG294PH,Hitachi HDS5C4040ALE630,4000787030016,0,,0,,,,,,,,0,,,,,,2729,,,,,,,,,,,,,,,,,,,,,,,,,,,,,,25,,,,,,0,,,,,,,,,,,,,,,,,,,,,,,,,,,,
2013-09-18,W300BBGC,ST4000DM000,4000787030016,0,,212165720,,,,,,,,0,,,,,,2119,,,,,,,,,,,,,,,,,,,,,,,,,,,,,,21,,,,,,0,,,,,,,,,,,,,,,,,,,,,,,,,,,,
2013-09-18,W300B31Y,ST4000DM000,4000787030016,0,,24375496,,,,,,,,0,,,,,,1570,,,,,,,,,,,,,,,,,,,,,,,,,,,,,,20,,,,,,0,,,,,,,,,,,,,,,,,,,,,,,,,,,,
2013-09-18,W3003M91,ST4000DM000,4000787030016,0,,126928904,,,,,,,,0,,,,,,858,,,,,,,,,,,,,,,,,,,,,,,,,,,,,,17,,,,,,0,,,,,,,,,,,,,,,,,,,,,,,,,,,,
2013-09-18,W300DY92,ST4000DM000,4000787030016,0,,202820416,,,,,,,,0,,,,,,2122,,,,,,,,,,,,,,,,,,,,,,,,,,,,,,22,,,,,,0,,,,,,,,,,,,,,,,,,,,,,,,,,,,
2013-09-18,W300B5DZ,ST4000DM000,4000787030016,0,,15327048,,,,,,,,0,,,,,,2273,,,,,,,,,,,,,,,,,,,,,,,,,,,,,,22,,,,,,0,,,,,,,,,,,,,,,,,,,,,,,,,,,,
2013-09-18,W3004WAF,ST4000DM000,4000787030016,0,,24072384,,,,,,,,0,,,,,,858,,,,,,,,,,,,,,,,,,,,,,,,,,,,,,18,,,,,,0,,,,,,,,,,,,,,,,,,,,,,,,,,,,
2013-09-18,MJ1311YNG3487A,Hitachi HDS5C3030ALA630,3000592982016,0,,0,,,,,,,,0,,,,,,17304,,,,,,,,,,,,,,,,,,,,,,,,,,,,,,27,,,,,,0,,,,,,,,,,,,,,,,,,,,,,,,,,,,
2013-09-18,W300BHN2,ST4000DM000,4000787030016,0,,140953376,,,,,,,,0,,,,,,1570,,,,,,,,,,,,,,,,,,,,,,,,,,,,,,18,,,,,,0,,,,,,,,,,,,,,,,,,,,,,,,,,,,
2013-09-18,W30091HZ,ST4000DM000,4000787030016,0,,48097000,,,,,,,,0,,,,,,2273,,,,,,,,,,,,,,,,,,,,,,,,,,,,,,22,,,,,,0,,,,,,,,,,,,,,,,,,,,,,,,,,,,
2013-09-18,Z300GPXH,ST4000DM000,4000787030016,0,,17377912,,,,,,,,0,,,,,,1571,,,,,,,,,,,,,,,,,,,,,,,,,,,,,,25,,,,,,0,,,,,,,,,,,,,,,,,,,,,,,,,,,,
2013-09-18,W300BBQ3,ST4000DM000,4000787030016,0,,233450088,,,,,,,,0,,,,,,1571,,,,,,,,,,,,,,,,,,,,,,,,,,,,,,23,,,,,,0,,,,,,,,,,,,,,,,,,,,,,,,,,,,
2013-09-18,W300BNRK,ST4000DM000,4000787030016,0,,28092960,,,,,,,,0,,,,,,1594,,,,,,,,,,,,,,,,,,,,,,,,,,,,,,20,,,,,,0,,,,,,,,,,,,,,,,,,,,,,,,,,,,
2013-09-18,Z300GPXL,ST4000DM000,4000787030016,0,,192762056,,,,,,,,0,,,,,,1566,,,,,,,,,,,,,,,,,,,,,,,,,,,,,,23,,,,,,0,,,,,,,,,,,,,,,,,,,,,,,,,,,,
2013-09-18,Z300GQH4,ST4000DM000,4000787030016,0,,230263072,,,,,,,,0,,,,,,1571,,,,,,,,,,,,,,,,,,,,,,,,,,,,,,22,,,,,,0,,,,,,,,,,,,,,,,,,,,,,,,,,,,
2013-09-18,Z300MX7H,ST4000DM000,4000787030016,0,,198769624,,,,,,,,0,,,,,,906,,,,,,,,,,,,,,,,,,,,,,,,,,,,,,20,,,,,,0,,,,,,,,,,,,,,,,,,,,,,,,,,,,
2013-09-18,Z300GYKL,ST4000DM000,4000787030016,0,,51373080,,,,,,,,0,,,,,,1567,,,,,,,,,,,,,,,,,,,,,,,,,,,,,,23,,,,,,0,,,,,,,,,,,,,,,,,,,,,,,,,,,,
2013-09-18,S1F131F6,ST3000DM001,3000592982016,0,,57204064,,,,,,,,0,,,,,,6005,,,,,,,,,,,,,,,,,,,,,,,,,,,,,,26,,,,,,0,,,,,,,,,,,,,,,,,,,,,,,,,,,,
2013-09-18,Z300GPXD,ST4000DM000,4000787030016,0,,75176448,,,,,,,,0,,,,,,1565,,,,,,,,,,,,,,,,,,,,,,,,,,,,,,17,,,,,,0,,,,,,,,,,,,,,,,,,,,,,,,,,,,
2013-09-18,MJ1323YNG1M6YC,Hitachi HDS5C3030ALA630,3000592982016,0,,0,,,,,,,,0,,,,,,17303,,,,,,,,,,,,,,,,,,,,,,,,,,,,,,28,,,,,,0,,,,,,,,,,,,,,,,,,,,,,,,,,,,
2013-09-18,Z300GQAV,ST4000DM000,4000787030016,0,,65415088,,,,,,,,0,,,,,,1571,,,,,,,,,,,,,,,,,,,,,,,,,,,,,,24,,,,,,0,,,,,,,,,,,,,,,,,,,,,,,,,,,,
2013-09-18,Z300GQAQ,ST4000DM000,4000787030016,0,,176552480,,,,,,,,0,,,,,,1566,,,,,,,,,,,,,,,,,,,,,,,,,,,,,,21,,,,,,0,,,,,,,,,,,,,,,,,,,,,,,,,,,,
2013-09-18,W300BN84,ST4000DM000,4000787030016,0,,197105008,,,,,,,,0,,,,,,1594,,,,,,,,,,,,,,,,,,,,,,,,,,,,,,21,,,,,,0,,,,,,,,,,,,,,,,,,,,,,,,,,,,
2013-09-18,JK11A8B9J4UM4F,Hitachi HDS722020ALA330,2000398934016,0,,0,,,,,,,,0,,,,,,22479,,,,,,,,,,,,,,,,,,,,,,,,,,,,,,32,,,,,,0,,,,,,,,,,,,,,,,,,,,,,,,,,,,
2013-09-18,W300BNE4,ST4000DM000,4000787030016,0,,61843104,,,,,,,,0,,,,,,1593,,,,,,,,,,,,,,,,,,,,,,,,,,,,,,21,,,,,,0,,,,,,,,,,,,,,,,,,,,,,,,,,,,
2013-09-18,Z300GPJS,ST4000DM000,4000787030016,0,,27873144,,,,,,,,0,,,,,,1571,,,,,,,,,,,,,,,,,,,,,,,,,,,,,,27,,,,,,0,,,,,,,,,,,,,,,,,,,,,,,,,,,,
2013-09-18,JK1160YAHP1WPT,Hitachi HDS722020ALA330,2000398934016,0,,0,,,,,,,,0,,,,,,22465,,,,,,,,,,,,,,,,,,,,,,,,,,,,,,31,,,,,,0,,,,,,,,,,,,,,,,,,,,,,,,,,,,
2013-09-18,Z300GPA3,ST4000DM000,4000787030016,0,,237408552,,,,,,,,0,,,,,,1571,,,,,,,,,,,,,,,,,,,,,,,,,,,,,,25,,,,,,0,,,,,,,,,,,,,,,,,,,,,,,,,,,,
2013-09-18,Z300GPJL,ST4000DM000,4000787030016,0,,19960128,,,,,,,,0,,,,,,1569,,,,,,,,,,,,,,,,,,,,,,,,,,,,,,24,,,,,,0,,,,,,,,,,,,,,,,,,,,,,,,,,,,
2013-09-18,Z300GPA0,ST4000DM000,4000787030016,0,,114698984,,,,,,,,0,,,,,,1571,,,,,,,,,,,,,,,,,,,,,,,,,,,,,,24,,,,,,0,,,,,,,,,,,,,,,,,,,,,,,,,,,,
2013-09-18,Z300MQR9,ST4000DM000,4000787030016,0,,48971224,,,,,,,,0,,,,,,906,,,,,,,,,,,,,,,,,,,,,,,,,,,,,,21,,,,,,0,,,,,,,,,,,,,,,,,,,,,,,,,,,,
2013-09-18,W300BQLP,ST4000DM000,4000787030016,0,,210874528,,,,,,,,0,,,,,,2122,,,,,,,,,,,,,,,,,,,,,,,,,,,,,,21,,,,,,0,,,,,,,,,,,,,,,,,,,,,,,,,,,,
2013-09-18,Z300GZB2,ST4000DM000,4000787030016,0,,86509544,,,,,,,,0,,,,,,1570,,,,,,,,,,,,,,,,,,,,,,,,,,,,,,26,,,,,,0,,,,,,,,,,,,,,,,,,,,,,,,,,,,
2013-09-18,Z300GZB3,ST4000DM000,4000787030016,0,,50472968,,,,,,,,0,,,,,,1635,,,,,,,,,,,,,,,,,,,,,,,,,,,,,,28,,,,,,0,,,,,,,,,,,,,,,,,,,,,,,,,,,,
2013-09-18,Z300GPJF,ST4000DM000,4000787030016,0,,45724544,,,,,,,,0,,,,,,1567,,,,,,,,,,,,,,,,,,,,,,,,,,,,,,22,,,,,,0,,,,,,,,,,,,,,,,,,,,,,,,,,,,
2013-09-18,W300BCSM,ST4000DM000,4000787030016,0,,73054248,,,,,,,,0,,,,,,2122,,,,,,,,,,,,,,,,,,,,,,,,,,,,,,20,,,,,,0,,,,,,,,,,,,,,,,,,,,,,,,,,,,
2013-09-18,Z300GZB9,ST4000DM000,4000787030016,0,,44460648,,,,,,,,0,,,,,,1565,,,,,,,,,,,,,,,,,,,,,,,,,,,,,,19,,,,,,0,,,,,,,,,,,,,,,,,,,,,,,,,,,,
2013-09-18,W300E1TN,ST4000DM000,4000787030016,0,,189737728,,,,,,,,0,,,,,,2122,,,,,,,,,,,,,,,,,,,,,,,,,,,,,,23,,,,,,0,,,,,,,,,,,,,,,,,,,,,,,,,,,,
2013-09-18,Z300MEDP,ST4000DM000,4000787030016,0,,191048560,,,,,,,,0,,,,,,837,,,,,,,,,,,,,,,,,,,,,,,,,,,,,,21,,,,,,0,,,,,,,,,,,,,,,,,,,,,,,,,,,,
2013-09-18,JK11A1YAK8B43V,Hitachi HDS722020ALA330,2000398934016,0,,3,,,,,,,,0,,,,,,1640,,,,,,,,,,,,,,,,,,,,,,,,,,,,,,31,,,,,,0,,,,,,,,,,,,,,,,,,,,,,,,,,,,
2013-09-18,W300BMME,ST4000DM000,4000787030016,0,,159620168,,,,,,,,0,,,,,,1594,,,,,,,,,,,,,,,,,,,,,,,,,,,,,,21,,,,,,0,,,,,,,,,,,,,,,,,,,,,,,,,,,,
2013-09-18,W3006NXV,ST4000DM000,4000787030016,0,,233276376,,,,,,,,0,,,,,,858,,,,,,,,,,,,,,,,,,,,,,,,,,,,,,16,,,,,,0,,,,,,,,,,,,,,,,,,,,,,,,,,,,
2013-09-18,Z300GPV3,ST4000DM000,4000787030016,0,,129704760,,,,,,,,0,,,,,,1566,,,,,,,,,,,,,,,,,,,,,,,,,,,,,,19,,,,,,0,,,,,,,,,,,,,,,,,,,,,,,,,,,,
2013-09-18,PL1331LAGB741H,Hitachi HDS5C4040ALE630,4000787030016,0,,0,,,,,,,,0,,,,,,3071,,,,,,,,,,,,,,,,,,,,,,,,,,,,,,28,,,,,,0,,,,,,,,,,,,,,,,,,,,,,,,,,,,
2013-09-18,W300D4JB,ST4000DM000,4000787030016,0,,2017888,,,,,,,,0,,,,,,2118,,,,,,,,,,,,,,,,,,,,,,,,,,,,,,20,,,,,,0,,,,,,,,,,,,,,,,,,,,,,,,,,,,
2013-09-18,W300A1HK,ST4000DM000,4000787030016,0,,105042328,,,,,,,,0,,,,,,2122,,,,,,,,,,,,,,,,,,,,,,,,,,,,,,20,,,,,,0,,,,,,,,,,,,,,,,,,,,,,,,,,,,
2013-09-18,Z300MYET,ST4000DM000,4000787030016,0,,129415592,,,,,,,,0,,,,,,906,,,,,,,,,,,,,,,,,,,,,,,,,,,,,,21,,,,,,0,,,,,,,,,,,,,,,,,,,,,,,,,,,,
2013-09-18,Z300GQ7Z,ST4000DM000,4000787030016,0,,158218608,,,,,,,,0,,,,,,1635,,,,,,,,,,,,,,,,,,,,,,,,,,,,,,27,,,,,,0,,,,,,,,,,,,,,,,,,,,,,,,,,,,
2013-09-18,Z300GZ41,ST4000DM000,4000787030016,0,,20086088,,,,,,,,0,,,,,,1566,,,,,,,,,,,,,,,,,,,,,,,,,,,,,,24,,,,,,0,,,,,,,,,,,,,,,,,,,,,,,,,,,,
2013-09-18,Z1F1901P,ST3000DM001,3000592982016,0,,186226320,,,,,,,,0,,,,,,6006,,,,,,,,,,,,,,,,,,,,,,,,,,,,,,30,,,,,,0,,,,,,,,,,,,,,,,,,,,,,,,,,,,
2013-09-18,W300BGZA,ST4000DM000,4000787030016,0,,16223680,,,,,,,,0,,,,,,1594,,,,,,,,,,,,,,,,,,,,,,,,,,,,,,18,,,,,,0,,,,,,,,,,,,,,,,,,,,,,,,,,,,
2013-09-18,Z300MW5G,ST4000DM000,4000787030016,0,,38706152,,,,,,,,0,,,,,,887,,,,,,,,,,,,,,,,,,,,,,,,,,,,,,26,,,,,,0,,,,,,,,,,,,,,,,,,,,,,,,,,,,
2013-09-18,W3004YKJ,ST4000DM000,4000787030016,0,,111771264,,,,,,,,0,,,,,,837,,,,,,,,,,,,,,,,,,,,,,,,,,,,,,20,,,,,,0,,,,,,,,,,,,,,,,,,,,,,,,,,,,
2013-09-18,Z300GQ7S,ST4000DM000,4000787030016,0,,126584600,,,,,,,,0,,,,,,1566,,,,,,,,,,,,,,,,,,,,,,,,,,,,,,22,,,,,,0,,,,,,,,,,,,,,,,,,,,,,,,,,,,
2013-09-18,JK11A8B9J96WUF,Hitachi HDS722020ALA330,2000398934016,0,,0,,,,,,,,0,,,,,,22479,,,,,,,,,,,,,,,,,,,,,,,,,,,,,,31,,,,,,0,,,,,,,,,,,,,,,,,,,,,,,,,,,,
2013-09-18,Z300MHY4,ST4000DM000,4000787030016,0,,81050416,,,,,,,,0,,,,,,886,,,,,,,,,,,,,,,,,,,,,,,,,,,,,,25,,,,,,0,,,,,,,,,,,,,,,,,,,,,,,,,,,,
2013-09-18,W3004W1E,ST4000DM000,4000787030016,0,,120159600,,,,,,,,0,,,,,,859,,,,,,,,,,,,,,,,,,,,,,,,,,,,,,18,,,,,,0,,,,,,,,,,,,,,,,,,,,,,,,,,,,
2013-09-18,S1F10QDG,ST3000DM001,3000592982016,0,,162744160,,,,,,,,0,,,,,,6007,,,,,,,,,,,,,,,,,,,,,,,,,,,,,,27,,,,,,0,,,,,,,,,,,,,,,,,,,,,,,,,,,,
2013-09-18,Z300HKS9,ST4000DM000,4000787030016,0,,110809720,,,,,,,,0,,,,,,838,,,,,,,,,,,,,,,,,,,,,,,,,,,,,,23,,,,,,0,,,,,,,,,,,,,,,,,,,,,,,,,,,,
2013-09-18,Z300MWG9,ST4000DM000,4000787030016,0,,168293800,,,,,,,,0,,,,,,887,,,,,,,,,,,,,,,,,,,,,,,,,,,,,,25,,,,,,0,,,,,,,,,,,,,,,,,,,,,,,,,,,,
2013-09-18,Z300HR1V,ST4000DM000,4000787030016,0,,8449432,,,,,,,,0,,,,,,886,,,,,,,,,,,,,,,,,,,,,,,,,,,,,,26,,,,,,0,,,,,,,,,,,,,,,,,,,,,,,,,,,,
2013-09-18,W300C11T,ST4000DM000,4000787030016,0,,222126672,,,,,,,,0,,,,,,2119,,,,,,,,,,,,,,,,,,,,,,,,,,,,,,21,,,,,,0,,,,,,,,,,,,,,,,,,,,,,,,,,,,
2013-09-18,Z300GQ75,ST4000DM000,4000787030016,0,,97429176,,,,,,,,0,,,,,,1565,,,,,,,,,,,,,,,,,,,,,,,,,,,,,,22,,,,,,0,,,,,,,,,,,,,,,,,,,,,,,,,,,,
2013-09-18,JK11A8B9J97XMF,Hitachi HDS722020ALA330,2000398934016,0,,0,,,,,,,,0,,,,,,22479,,,,,,,,,,,,,,,,,,,,,,,,,,,,,,31,,,,,,0,,,,,,,,,,,,,,,,,,,,,,,,,,,,
2013-09-18,Z300GQ77,ST4000DM000,4000787030016,0,,241678560,,,,,,,,0,,,,,,1635,,,,,,,,,,,,,,,,,,,,,,,,,,,,,,28,,,,,,0,,,,,,,,,,,,,,,,,,,,,,,,,,,,
2013-09-18,W300B38G,ST4000DM000,4000787030016,0,,208389776,,,,,,,,0,,,,,,1571,,,,,,,,,,,,,,,,,,,,,,,,,,,,,,22,,,,,,0,,,,,,,,,,,,,,,,,,,,,,,,,,,,
2013-09-18,Z300GZBH,ST4000DM000,4000787030016,0,,83743496,,,,,,,,0,,,,,,1567,,,,,,,,,,,,,,,,,,,,,,,,,,,,,,22,,,,,,0,,,,,,,,,,,,,,,,,,,,,,,,,,,,
2013-09-18,Z300MWH9,ST4000DM000,4000787030016,0,,216059968,,,,,,,,0,,,,,,906,,,,,,,,,,,,,,,,,,,,,,,,,,,,,,21,,,,,,0,,,,,,,,,,,,,,,,,,,,,,,,,,,,
2013-09-18,W300B63J,ST4000DM000,4000787030016,0,,168391232,,,,,,,,0,,,,,,1594,,,,,,,,,,,,,,,,,,,,,,,,,,,,,,19,,,,,,0,,,,,,,,,,,,,,,,,,,,,,,,,,,,
2013-09-18,W1F09A2M,ST3000DM001,3000592982016,0,,187990128,,,,,,,,0,,,,,,12695,,,,,,,,,,,,,,,,,,,,,,,,,,,,,,21,,,,,,0,,,,,,,,,,,,,,,,,,,,,,,,,,,,
2013-09-18,W3009NG5,ST4000DM000,4000787030016,0,,80788816,,,,,,,,0,,,,,,2123,,,,,,,,,,,,,,,,,,,,,,,,,,,,,,18,,,,,,0,,,,,,,,,,,,,,,,,,,,,,,,,,,,
2013-09-18,W1F0A3HG,ST3000DM001,3000592982016,0,,86603096,,,,,,,,0,,,,,,12692,,,,,,,,,,,,,,,,,,,,,,,,,,,,,,24,,,,,,0,,,,,,,,,,,,,,,,,,,,,,,,,,,,
2013-09-18,S1F11C16,ST3000DM001,3000592982016,0,,523288,,,,,,,,0,,,,,,6004,,,,,,,,,,,,,,,,,,,,,,,,,,,,,,23,,,,,,0,,,,,,,,,,,,,,,,,,,,,,,,,,,,
2013-09-18,Z300GPJ9,ST4000DM000,4000787030016,0,,80752912,,,,,,,,0,,,,,,1567,,,,,,,,,,,,,,,,,,,,,,,,,,,,,,22,,,,,,0,,,,,,,,,,,,,,,,,,,,,,,,,,,,
2013-09-18,JK11A8B9J9DLGF,Hitachi HDS722020ALA330,2000398934016,0,,0,,,,,,,,0,,,,,,22480,,,,,,,,,,,,,,,,,,,,,,,,,,,,,,27,,,,,,0,,,,,,,,,,,,,,,,,,,,,,,,,,,,
2013-09-18,PL1331LAGB7UBH,Hitachi HDS5C4040ALE630,4000787030016,0,,0,,,,,,,,0,,,,,,3071,,,,,,,,,,,,,,,,,,,,,,,,,,,,,,27,,,,,,0,,,,,,,,,,,,,,,,,,,,,,,,,,,,
2013-09-18,Z300GPJ5,ST4000DM000,4000787030016,0,,194480024,,,,,,,,0,,,,,,1571,,,,,,,,,,,,,,,,,,,,,,,,,,,,,,25,,,,,,0,,,,,,,,,,,,,,,,,,,,,,,,,,,,
2013-09-18,Z300MQ1X,ST4000DM000,4000787030016,0,,61780168,,,,,,,,0,,,,,,906,,,,,,,,,,,,,,,,,,,,,,,,,,,,,,23,,,,,,0,,,,,,,,,,,,,,,,,,,,,,,,,,,,
2013-09-18,Z300GQ50,ST4000DM000,4000787030016,0,,96882976,,,,,,,,0,,,,,,1570,,,,,,,,,,,,,,,,,,,,,,,,,,,,,,26,,,,,,0,,,,,,,,,,,,,,,,,,,,,,,,,,,,
2013-09-18,Z300MQRC,ST4000DM000,4000787030016,0,,76169736,,,,,,,,0,,,,,,838,,,,,,,,,,,,,,,,,,,,,,,,,,,,,,22,,,,,,0,,,,,,,,,,,,,,,,,,,,,,,,,,,,
2013-09-18,Z300GPAS,ST4000DM000,4000787030016,0,,233764024,,,,,,,,0,,,,,,1565,,,,,,,,,,,,,,,,,,,,,,,,,,,,,,22,,,,,,0,,,,,,,,,,,,,,,,,,,,,,,,,,,,
2013-09-18,W1F09A60,ST3000DM001,3000592982016,0,,216191816,,,,,,,,0,,,,,,12690,,,,,,,,,,,,,,,,,,,,,,,,,,,,,,24,,,,,,0,,,,,,,,,,,,,,,,,,,,,,,,,,,,
2013-09-18,MJ1313YNG2GHPC,Hitachi HDS5C3030ALA630,3000592982016,0,,0,,,,,,,,0,,,,,,17304,,,,,,,,,,,,,,,,,,,,,,,,,,,,,,30,,,,,,0,,,,,,,,,,,,,,,,,,,,,,,,,,,,
2013-09-18,Z300LTZ7,ST4000DM000,4000787030016,0,,84612824,,,,,,,,0,,,,,,837,,,,,,,,,,,,,,,,,,,,,,,,,,,,,,23,,,,,,0,,,,,,,,,,,,,,,,,,,,,,,,,,,,
2013-09-18,MJ1323YNG1U3GC,Hitachi HDS5C3030ALA630,3000592982016,0,,0,,,,,,,,0,,,,,,17303,,,,,,,,,,,,,,,,,,,,,,,,,,,,,,30,,,,,,0,,,,,,,,,,,,,,,,,,,,,,,,,,,,
2013-09-18,S1F135SZ,ST3000DM001,3000592982016,0,,26820840,,,,,,,,0,,,,,,6005,,,,,,,,,,,,,,,,,,,,,,,,,,,,,,27,,,,,,0,,,,,,,,,,,,,,,,,,,,,,,,,,,,
2013-09-18,W300C1G6,ST4000DM000,4000787030016,0,,65883928,,,,,,,,0,,,,,,2119,,,,,,,,,,,,,,,,,,,,,,,,,,,,,,17,,,,,,0,,,,,,,,,,,,,,,,,,,,,,,,,,,,
2013-09-18,Z3005QFE,ST4000DM000,4000787030016,0,,137916160,,,,,,,,0,,,,,,886,,,,,,,,,,,,,,,,,,,,,,,,,,,,,,26,,,,,,0,,,,,,,,,,,,,,,,,,,,,,,,,,,,
2013-09-18,W3006DT3,ST4000DM000,4000787030016,0,,39793848,,,,,,,,0,,,,,,906,,,,,,,,,,,,,,,,,,,,,,,,,,,,,,21,,,,,,0,,,,,,,,,,,,,,,,,,,,,,,,,,,,
2013-09-18,Z300GQE2,ST4000DM000,4000787030016,0,,203887736,,,,,,,,0,,,,,,1569,,,,,,,,,,,,,,,,,,,,,,,,,,,,,,22,,,,,,0,,,,,,,,,,,,,,,,,,,,,,,,,,,,
2013-09-18,Z300GQE3,ST4000DM000,4000787030016,0,,112297944,,,,,,,,0,,,,,,1566,,,,,,,,,,,,,,,,,,,,,,,,,,,,,,24,,,,,,0,,,,,,,,,,,,,,,,,,,,,,,,,,,,
2013-09-18,Z300GQE6,ST4000DM000,4000787030016,0,,148572976,,,,,,,,0,,,,,,1566,,,,,,,,,,,,,,,,,,,,,,,,,,,,,,22,,,,,,0,,,,,,,,,,,,,,,,,,,,,,,,,,,,
2013-09-18,Z300GQE5,ST4000DM000,4000787030016,0,,109342712,,,,,,,,0,,,,,,1569,,,,,,,,,,,,,,,,,,,,,,,,,,,,,,22,,,,,,0,,,,,,,,,,,,,,,,,,,,,,,,,,,,
2013-09-18,W300BMR0,ST4000DM000,4000787030016,0,,96392432,,,,,,,,0,,,,,,1570,,,,,,,,,,,,,,,,,,,,,,,,,,,,,,18,,,,,,0,,,,,,,,,,,,,,,,,,,,,,,,,,,,
2013-09-18,W300BH7Y,ST4000DM000,4000787030016,0,,46739744,,,,,,,,0,,,,,,1594,,,,,,,,,,,,,,,,,,,,,,,,,,,,,,18,,,,,,0,,,,,,,,,,,,,,,,,,,,,,,,,,,,
2013-09-18,W300D4BE,ST4000DM000,4000787030016,0,,159977896,,,,,,,,0,,,,,,2123,,,,,,,,,,,,,,,,,,,,,,,,,,,,,,21,,,,,,0,,,,,,,,,,,,,,,,,,,,,,,,,,,,
2013-09-18,W300BBWH,ST4000DM000,4000787030016,0,,13621840,,,,,,,,0,,,,,,1571,,,,,,,,,,,,,,,,,,,,,,,,,,,,,,23,,,,,,0,,,,,,,,,,,,,,,,,,,,,,,,,,,,
2013-09-18,W300BH7A,ST4000DM000,4000787030016,0,,17684880,,,,,,,,0,,,,,,1594,,,,,,,,,,,,,,,,,,,,,,,,,,,,,,21,,,,,,0,,,,,,,,,,,,,,,,,,,,,,,,,,,,
2013-09-18,Z300GYLP,ST4000DM000,4000787030016,0,,180652208,,,,,,,,0,,,,,,1571,,,,,,,,,,,,,,,,,,,,,,,,,,,,,,28,,,,,,0,,,,,,,,,,,,,,,,,,,,,,,,,,,,
2013-09-18,W300BLNY,ST4000DM000,4000787030016,0,,8113712,,,,,,,,0,,,,,,2119,,,,,,,,,,,,,,,,,,,,,,,,,,,,,,20,,,,,,0,,,,,,,,,,,,,,,,,,,,,,,,,,,,
2013-09-18,PL1331LAGBG9PH,Hitachi HDS5C4040ALE630,4000787030016,0,,0,,,,,,,,0,,,,,,3071,,,,,,,,,,,,,,,,,,,,,,,,,,,,,,26,,,,,,0,,,,,,,,,,,,,,,,,,,,,,,,,,,,
2013-09-18,W300D6SJ,ST4000DM000,4000787030016,0,,69118480,,,,,,,,0,,,,,,2273,,,,,,,,,,,,,,,,,,,,,,,,,,,,,,22,,,,,,0,,,,,,,,,,,,,,,,,,,,,,,,,,,,
2013-09-18,S1F0LX7C,ST3000DM001,3000592982016,0,,128250904,,,,,,,,0,,,,,,5499,,,,,,,,,,,,,,,,,,,,,,,,,,,,,,25,,,,,,0,,,,,,,,,,,,,,,,,,,,,,,,,,,,
2013-09-18,W300D3M6,ST4000DM000,4000787030016,0,,226667344,,,,,,,,0,,,,,,2272,,,,,,,,,,,,,,,,,,,,,,,,,,,,,,24,,,,,,0,,,,,,,,,,,,,,,,,,,,,,,,,,,,
2013-09-18,W1F0YJ6K,ST3000DM001,3000592982016,0,,128830472,,,,,,,,0,,,,,,6028,,,,,,,,,,,,,,,,,,,,,,,,,,,,,,26,,,,,,0,,,,,,,,,,,,,,,,,,,,,,,,,,,,
2013-09-18,W300DZ63,ST4000DM000,4000787030016,0,,29735656,,,,,,,,0,,,,,,2123,,,,,,,,,,,,,,,,,,,,,,,,,,,,,,22,,,,,,0,,,,,,,,,,,,,,,,,,,,,,,,,,,,
2013-09-18,Z300GZ5R,ST4000DM000,4000787030016,0,,98350464,,,,,,,,0,,,,,,1565,,,,,,,,,,,,,,,,,,,,,,,,,,,,,,23,,,,,,0,,,,,,,,,,,,,,,,,,,,,,,,,,,,
2013-09-18,PL2321LAGAS6EJ,Hitachi HDS5C4040ALE630,4000787030016,0,,0,,,,,,,,0,,,,,,3067,,,,,,,,,,,,,,,,,,,,,,,,,,,,,,31,,,,,,0,,,,,,,,,,,,,,,,,,,,,,,,,,,,
2013-09-18,Z300MPYQ,ST4000DM000,4000787030016,0,,77213584,,,,,,,,0,,,,,,906,,,,,,,,,,,,,,,,,,,,,,,,,,,,,,20,,,,,,0,,,,,,,,,,,,,,,,,,,,,,,,,,,,
2013-09-18,W300BPGT,ST4000DM000,4000787030016,0,,125310064,,,,,,,,0,,,,,,2119,,,,,,,,,,,,,,,,,,,,,,,,,,,,,,19,,,,,,0,,,,,,,,,,,,,,,,,,,,,,,,,,,,
2013-09-18,MJ1311YNG3EEAA,Hitachi HDS5C3030ALA630,3000592982016,0,,0,,,,,,,,0,,,,,,17304,,,,,,,,,,,,,,,,,,,,,,,,,,,,,,27,,,,,,0,,,,,,,,,,,,,,,,,,,,,,,,,,,,
2013-09-18,W300B35R,ST4000DM000,4000787030016,0,,44628872,,,,,,,,0,,,,,,1570,,,,,,,,,,,,,,,,,,,,,,,,,,,,,,19,,,,,,0,,,,,,,,,,,,,,,,,,,,,,,,,,,,
2013-09-18,Z300GPST,ST4000DM000,4000787030016,0,,241873992,,,,,,,,0,,,,,,1567,,,,,,,,,,,,,,,,,,,,,,,,,,,,,,23,,,,,,0,,,,,,,,,,,,,,,,,,,,,,,,,,,,
2013-09-18,JK11A8B9J5HHPF,Hitachi HDS722020ALA330,2000398934016,0,,0,,,,,,,,0,,,,,,22479,,,,,,,,,,,,,,,,,,,,,,,,,,,,,,31,,,,,,0,,,,,,,,,,,,,,,,,,,,,,,,,,,,
2013-09-18,W300B0Z7,ST4000DM000,4000787030016,0,,106874528,,,,,,,,0,,,,,,2122,,,,,,,,,,,,,,,,,,,,,,,,,,,,,,22,,,,,,0,,,,,,,,,,,,,,,,,,,,,,,,,,,,
2013-09-18,W3005QB0,ST4000DM000,4000787030016,0,,92486296,,,,,,,,0,,,,,,887,,,,,,,,,,,,,,,,,,,,,,,,,,,,,,26,,,,,,0,,,,,,,,,,,,,,,,,,,,,,,,,,,,
2013-09-18,W3009RCX,ST4000DM000,4000787030016,0,,134975800,,,,,,,,0,,,,,,2123,,,,,,,,,,,,,,,,,,,,,,,,,,,,,,21,,,,,,0,,,,,,,,,,,,,,,,,,,,,,,,,,,,
2013-09-18,W1F09TDD,ST3000DM001,3000592982016,0,,56379504,,,,,,,,0,,,,,,12691,,,,,,,,,,,,,,,,,,,,,,,,,,,,,,24,,,,,,0,,,,,,,,,,,,,,,,,,,,,,,,,,,,
2013-09-18,W3005RZ2,ST4000DM000,4000787030016,0,,235304584,,,,,,,,0,,,,,,887,,,,,,,,,,,,,,,,,,,,,,,,,,,,,,26,,,,,,0,,,,,,,,,,,,,,,,,,,,,,,,,,,,
2013-09-18,W300B6S3,ST4000DM000,4000787030016,0,,135505632,,,,,,,,0,,,,,,1570,,,,,,,,,,,,,,,,,,,,,,,,,,,,,,21,,,,,,0,,,,,,,,,,,,,,,,,,,,,,,,,,,,
2013-09-18,W300B59S,ST4000DM000,4000787030016,0,,179179824,,,,,,,,0,,,,,,2119,,,,,,,,,,,,,,,,,,,,,,,,,,,,,,20,,,,,,0,,,,,,,,,,,,,,,,,,,,,,,,,,,,
2013-09-18,Z300GZ5K,ST4000DM000,4000787030016,0,,139413240,,,,,,,,0,,,,,,1567,,,,,,,,,,,,,,,,,,,,,,,,,,,,,,24,,,,,,0,,,,,,,,,,,,,,,,,,,,,,,,,,,,
2013-09-18,Z300GPS2,ST4000DM000,4000787030016,0,,219331704,,,,,,,,0,,,,,,1566,,,,,,,,,,,,,,,,,,,,,,,,,,,,,,18,,,,,,0,,,,,,,,,,,,,,,,,,,,,,,,,,,,
2013-09-18,Z300GPS5,ST4000DM000,4000787030016,0,,212524672,,,,,,,,0,,,,,,1567,,,,,,,,,,,,,,,,,,,,,,,,,,,,,,25,,,,,,0,,,,,,,,,,,,,,,,,,,,,,,,,,,,
2013-09-18,W3008EKS,ST4000DM000,4000787030016,0,,200877048,,,,,,,,0,,,,,,2119,,,,,,,,,,,,,,,,,,,,,,,,,,,,,,17,,,,,,0,,,,,,,,,,,,,,,,,,,,,,,,,,,,
2013-09-18,W3005P6C,ST4000DM000,4000787030016,0,,77372608,,,,,,,,0,,,,,,858,,,,,,,,,,,,,,,,,,,,,,,,,,,,,,17,,,,,,0,,,,,,,,,,,,,,,,,,,,,,,,,,,,
2013-09-18,Z300FP54,ST4000DM000,4000787030016,0,,136756632,,,,,,,,0,,,,,,1635,,,,,,,,,,,,,,,,,,,,,,,,,,,,,,27,,,,,,0,,,,,,,,,,,,,,,,,,,,,,,,,,,,
2013-09-18,JK11A8B9J9KW3F,Hitachi HDS722020ALA330,2000398934016,0,,0,,,,,,,,0,,,,,,22480,,,,,,,,,,,,,,,,,,,,,,,,,,,,,,28,,,,,,0,,,,,,,,,,,,,,,,,,,,,,,,,,,,
2013-09-18,MJ1311YNG218PA,Hitachi HDS5C3030ALA630,3000592982016,0,,0,,,,,,,,0,,,,,,17303,,,,,,,,,,,,,,,,,,,,,,,,,,,,,,27,,,,,,0,,,,,,,,,,,,,,,,,,,,,,,,,,,,
2013-09-18,MJ1323YNG1UDXC,Hitachi HDS5C3030ALA630,3000592982016,0,,0,,,,,,,,0,,,,,,17303,,,,,,,,,,,,,,,,,,,,,,,,,,,,,,29,,,,,,0,,,,,,,,,,,,,,,,,,,,,,,,,,,,
2013-09-18,W3005YCR,ST4000DM000,4000787030016,0,,98464344,,,,,,,,0,,,,,,886,,,,,,,,,,,,,,,,,,,,,,,,,,,,,,23,,,,,,0,,,,,,,,,,,,,,,,,,,,,,,,,,,,
2013-09-18,MJ1311YNG6H7JA,Hitachi HDS5C3030ALA630,3000592982016,0,,0,,,,,,,,0,,,,,,16783,,,,,,,,,,,,,,,,,,,,,,,,,,,,,,27,,,,,,0,,,,,,,,,,,,,,,,,,,,,,,,,,,,
2013-09-18,W3009R8E,ST4000DM000,4000787030016,0,,155004504,,,,,,,,0,,,,,,2119,,,,,,,,,,,,,,,,,,,,,,,,,,,,,,18,,,,,,0,,,,,,,,,,,,,,,,,,,,,,,,,,,,
2013-09-18,PL1331LAGAZ6SH,Hitachi HDS5C4040ALE630,4000787030016,0,,0,,,,,,,,0,,,,,,3071,,,,,,,,,,,,,,,,,,,,,,,,,,,,,,27,,,,,,0,,,,,,,,,,,,,,,,,,,,,,,,,,,,
2013-09-18,W3005MK6,ST4000DM000,4000787030016,0,,145824744,,,,,,,,0,,,,,,886,,,,,,,,,,,,,,,,,,,,,,,,,,,,,,23,,,,,,0,,,,,,,,,,,,,,,,,,,,,,,,,,,,
2013-09-18,Z300GPSS,ST4000DM000,4000787030016,0,,140859352,,,,,,,,0,,,,,,1565,,,,,,,,,,,,,,,,,,,,,,,,,,,,,,18,,,,,,0,,,,,,,,,,,,,,,,,,,,,,,,,,,,
2013-09-18,W300BLXP,ST4000DM000,4000787030016,0,,112683448,,,,,,,,0,,,,,,2272,,,,,,,,,,,,,,,,,,,,,,,,,,,,,,24,,,,,,0,,,,,,,,,,,,,,,,,,,,,,,,,,,,
2013-09-18,W300CXKK,ST4000DM000,4000787030016,0,,89933776,,,,,,,,0,,,,,,2119,,,,,,,,,,,,,,,,,,,,,,,,,,,,,,22,,,,,,0,,,,,,,,,,,,,,,,,,,,,,,,,,,,
2013-09-18,W300BSAP,ST4000DM000,4000787030016,0,,96300960,,,,,,,,0,,,,,,2118,,,,,,,,,,,,,,,,,,,,,,,,,,,,,,21,,,,,,0,,,,,,,,,,,,,,,,,,,,,,,,,,,,
2013-09-18,JK11A8B9J926LF,Hitachi HDS722020ALA330,2000398934016,0,,0,,,,,,,,0,,,,,,22479,,,,,,,,,,,,,,,,,,,,,,,,,,,,,,30,,,,,,0,,,,,,,,,,,,,,,,,,,,,,,,,,,,
2013-09-18,W300BH77,ST4000DM000,4000787030016,0,,58481040,,,,,,,,0,,,,,,1570,,,,,,,,,,,,,,,,,,,,,,,,,,,,,,22,,,,,,0,,,,,,,,,,,,,,,,,,,,,,,,,,,,
2013-09-18,Z300MY3A,ST4000DM000,4000787030016,0,,119639720,,,,,,,,0,,,,,,887,,,,,,,,,,,,,,,,,,,,,,,,,,,,,,26,,,,,,0,,,,,,,,,,,,,,,,,,,,,,,,,,,,
2013-09-18,JK11A8B9J929VF,Hitachi HDS722020ALA330,2000398934016,0,,0,,,,,,,,0,,,,,,22480,,,,,,,,,,,,,,,,,,,,,,,,,,,,,,30,,,,,,0,,,,,,,,,,,,,,,,,,,,,,,,,,,,
2013-09-18,S1F018CZ,ST3000DM001,3000592982016,0,,175677256,,,,,,,,0,,,,,,3314,,,,,,,,,,,,,,,,,,,,,,,,,,,,,,25,,,,,,0,,,,,,,,,,,,,,,,,,,,,,,,,,,,
2013-09-18,Z300GPBZ,ST4000DM000,4000787030016,0,,13257200,,,,,,,,0,,,,,,1566,,,,,,,,,,,,,,,,,,,,,,,,,,,,,,22,,,,,,0,,,,,,,,,,,,,,,,,,,,,,,,,,,,
2013-09-18,W300BN7E,ST4000DM000,4000787030016,0,,62541928,,,,,,,,0,,,,,,1570,,,,,,,,,,,,,,,,,,,,,,,,,,,,,,20,,,,,,0,,,,,,,,,,,,,,,,,,,,,,,,,,,,
2013-09-18,W3006NV6,ST4000DM000,4000787030016,0,,82479704,,,,,,,,0,,,,,,905,,,,,,,,,,,,,,,,,,,,,,,,,,,,,,21,,,,,,0,,,,,,,,,,,,,,,,,,,,,,,,,,,,
2013-09-18,Z300MFYR,ST4000DM000,4000787030016,0,,226684672,,,,,,,,0,,,,,,837,,,,,,,,,,,,,,,,,,,,,,,,,,,,,,23,,,,,,0,,,,,,,,,,,,,,,,,,,,,,,,,,,,
2013-09-18,Z300GQHB,ST4000DM000,4000787030016,0,,194213304,,,,,,,,0,,,,,,1565,,,,,,,,,,,,,,,,,,,,,,,,,,,,,,22,,,,,,0,,,,,,,,,,,,,,,,,,,,,,,,,,,,
2013-09-18,Z300GQEF,ST4000DM000,4000787030016,0,,176006712,,,,,,,,0,,,,,,1567,,,,,,,,,,,,,,,,,,,,,,,,,,,,,,26,,,,,,0,,,,,,,,,,,,,,,,,,,,,,,,,,,,
2013-09-18,W300D28F,ST4000DM000,4000787030016,0,,59968344,,,,,,,,0,,,,,,838,,,,,,,,,,,,,,,,,,,,,,,,,,,,,,24,,,,,,0,,,,,,,,,,,,,,,,,,,,,,,,,,,,
2013-09-18,W300B2KF,ST4000DM000,4000787030016,0,,192842904,,,,,,,,0,,,,,,1570,,,,,,,,,,,,,,,,,,,,,,,,,,,,,,22,,,,,,0,,,,,,,,,,,,,,,,,,,,,,,,,,,,
2013-09-18,W3006MJJ,ST4000DM000,4000787030016,0,,57060792,,,,,,,,0,,,,,,905,,,,,,,,,,,,,,,,,,,,,,,,,,,,,,20,,,,,,0,,,,,,,,,,,,,,,,,,,,,,,,,,,,
2013-09-18,W1F1BRM3,ST3000DM001,3000592982016,0,,80023880,,,,,,,,0,,,,,,6006,,,,,,,,,,,,,,,,,,,,,,,,,,,,,,21,,,,,,0,,,,,,,,,,,,,,,,,,,,,,,,,,,,
2013-09-18,W300E01Y,ST4000DM000,4000787030016,0,,61637328,,,,,,,,0,,,,,,2122,,,,,,,,,,,,,,,,,,,,,,,,,,,,,,23,,,,,,0,,,,,,,,,,,,,,,,,,,,,,,,,,,,
2013-09-18,W3006KKX,ST4000DM000,4000787030016,0,,149854008,,,,,,,,0,,,,,,905,,,,,,,,,,,,,,,,,,,,,,,,,,,,,,20,,,,,,0,,,,,,,,,,,,,,,,,,,,,,,,,,,,
2013-09-18,W300BR8R,ST4000DM000,4000787030016,0,,58828768,,,,,,,,0,,,,,,1570,,,,,,,,,,,,,,,,,,,,,,,,,,,,,,21,,,,,,0,,,,,,,,,,,,,,,,,,,,,,,,,,,,
2013-09-18,S1F12ZRR,ST3000DM001,3000592982016,0,,147867064,,,,,,,,0,,,,,,6006,,,,,,,,,,,,,,,,,,,,,,,,,,,,,,23,,,,,,0,,,,,,,,,,,,,,,,,,,,,,,,,,,,
2013-09-18,PL1311LAG2AU8H,Hitachi HDS5C4040ALE630,4000787030016,0,,0,,,,,,,,0,,,,,,2637,,,,,,,,,,,,,,,,,,,,,,,,,,,,,,21,,,,,,0,,,,,,,,,,,,,,,,,,,,,,,,,,,,
2013-09-18,PL2321LAGASHXJ,Hitachi HDS5C4040ALE630,4000787030016,0,,0,,,,,,,,0,,,,,,3071,,,,,,,,,,,,,,,,,,,,,,,,,,,,,,26,,,,,,0,,,,,,,,,,,,,,,,,,,,,,,,,,,,
2013-09-18,W3004NYW,ST4000DM000,4000787030016,0,,1324496,,,,,,,,0,,,,,,859,,,,,,,,,,,,,,,,,,,,,,,,,,,,,,19,,,,,,0,,,,,,,,,,,,,,,,,,,,,,,,,,,,
2013-09-18,W300BNKB,ST4000DM000,4000787030016,0,,104006648,,,,,,,,0,,,,,,1593,,,,,,,,,,,,,,,,,,,,,,,,,,,,,,21,,,,,,0,,,,,,,,,,,,,,,,,,,,,,,,,,,,
2013-09-18,Z300LN97,ST4000DM000,4000787030016,0,,44845872,,,,,,,,0,,,,,,887,,,,,,,,,,,,,,,,,,,,,,,,,,,,,,27,,,,,,0,,,,,,,,,,,,,,,,,,,,,,,,,,,,
2013-09-18,MJ1311YNG3EJXA,Hitachi HDS5C3030ALA630,3000592982016,0,,0,,,,,,,,0,,,,,,17304,,,,,,,,,,,,,,,,,,,,,,,,,,,,,,29,,,,,,0,,,,,,,,,,,,,,,,,,,,,,,,,,,,
2013-09-18,Z300GPDW,ST4000DM000,4000787030016,0,,186243808,,,,,,,,0,,,,,,1569,,,,,,,,,,,,,,,,,,,,,,,,,,,,,,21,,,,,,0,,,,,,,,,,,,,,,,,,,,,,,,,,,,
2013-09-18,Z1F11SL0,ST3000DM001,3000592982016,0,,174225384,,,,,,,,0,,,,,,6004,,,,,,,,,,,,,,,,,,,,,,,,,,,,,,28,,,,,,0,,,,,,,,,,,,,,,,,,,,,,,,,,,,
2013-09-18,W3003N9X,ST4000DM000,4000787030016,0,,80010616,,,,,,,,0,,,,,,858,,,,,,,,,,,,,,,,,,,,,,,,,,,,,,17,,,,,,0,,,,,,,,,,,,,,,,,,,,,,,,,,,,
2013-09-18,Z300GQF8,ST4000DM000,4000787030016,0,,79206176,,,,,,,,0,,,,,,1567,,,,,,,,,,,,,,,,,,,,,,,,,,,,,,23,,,,,,0,,,,,,,,,,,,,,,,,,,,,,,,,,,,
2013-09-18,W1F0FVS9,ST3000DM001,3000592982016,0,,161790928,,,,,,,,0,,,,,,10208,,,,,,,,,,,,,,,,,,,,,,,,,,,,,,22,,,,,,0,,,,,,,,,,,,,,,,,,,,,,,,,,,,
2013-09-18,Z300GPNZ,ST4000DM000,4000787030016,0,,155481912,,,,,,,,0,,,,,,1567,,,,,,,,,,,,,,,,,,,,,,,,,,,,,,24,,,,,,0,,,,,,,,,,,,,,,,,,,,,,,,,,,,
2013-09-18,W1F09T84,ST3000DM001,3000592982016,0,,168587560,,,,,,,,0,,,,,,12694,,,,,,,,,,,,,,,,,,,,,,,,,,,,,,22,,,,,,8,,,,,,,,,,,,,,,,,,,,,,,,,,,,
2013-09-18,Z300MX92,ST4000DM000,4000787030016,0,,33405368,,,,,,,,0,,,,,,906,,,,,,,,,,,,,,,,,,,,,,,,,,,,,,23,,,,,,0,,,,,,,,,,,,,,,,,,,,,,,,,,,,
2013-09-18,W300JMQL,ST4000DM000,4000787030016,0,,23441232,,,,,,,,0,,,,,,859,,,,,,,,,,,,,,,,,,,,,,,,,,,,,,20,,,,,,0,,,,,,,,,,,,,,,,,,,,,,,,,,,,
2013-09-18,Z300GPNV,ST4000DM000,4000787030016,0,,196388736,,,,,,,,0,,,,,,1566,,,,,,,,,,,,,,,,,,,,,,,,,,,,,,20,,,,,,0,,,,,,,,,,,,,,,,,,,,,,,,,,,,
2013-09-18,Z300MH0X,ST4000DM000,4000787030016,0,,752480,,,,,,,,0,,,,,,906,,,,,,,,,,,,,,,,,,,,,,,,,,,,,,20,,,,,,0,,,,,,,,,,,,,,,,,,,,,,,,,,,,
2013-09-18,W300E26D,ST4000DM000,4000787030016,0,,34372040,,,,,,,,0,,,,,,2272,,,,,,,,,,,,,,,,,,,,,,,,,,,,,,19,,,,,,0,,,,,,,,,,,,,,,,,,,,,,,,,,,,
2013-09-18,W3009NDS,ST4000DM000,4000787030016,0,,32941440,,,,,,,,0,,,,,,2119,,,,,,,,,,,,,,,,,,,,,,,,,,,,,,20,,,,,,0,,,,,,,,,,,,,,,,,,,,,,,,,,,,
2013-09-18,W300BNP3,ST4000DM000,4000787030016,0,,202210864,,,,,,,,0,,,,,,1594,,,,,,,,,,,,,,,,,,,,,,,,,,,,,,18,,,,,,0,,,,,,,,,,,,,,,,,,,,,,,,,,,,
2013-09-18,Z1F11SYE,ST3000DM001,3000592982016,0,,115282776,,,,,,,,0,,,,,,6006,,,,,,,,,,,,,,,,,,,,,,,,,,,,,,27,,,,,,0,,,,,,,,,,,,,,,,,,,,,,,,,,,,
2013-09-18,JK11A8B9J8YJHF,Hitachi HDS722020ALA330,2000398934016,0,,0,,,,,,,,0,,,,,,22481,,,,,,,,,,,,,,,,,,,,,,,,,,,,,,27,,,,,,0,,,,,,,,,,,,,,,,,,,,,,,,,,,,
2013-09-18,Z300MQ46,ST4000DM000,4000787030016,0,,10574656,,,,,,,,0,,,,,,906,,,,,,,,,,,,,,,,,,,,,,,,,,,,,,22,,,,,,0,,,,,,,,,,,,,,,,,,,,,,,,,,,,
2013-09-18,PL1321LAGAY4GH,Hitachi HDS5C4040ALE630,4000787030016,0,,0,,,,,,,,0,,,,,,3071,,,,,,,,,,,,,,,,,,,,,,,,,,,,,,27,,,,,,0,,,,,,,,,,,,,,,,,,,,,,,,,,,,
2013-09-18,Z300GQKL,ST4000DM000,4000787030016,0,,239693216,,,,,,,,0,,,,,,1566,,,,,,,,,,,,,,,,,,,,,,,,,,,,,,23,,,,,,0,,,,,,,,,,,,,,,,,,,,,,,,,,,,
2013-09-18,JK11A8B9J97Y8F,Hitachi HDS722020ALA330,2000398934016,0,,0,,,,,,,,0,,,,,,22479,,,,,,,,,,,,,,,,,,,,,,,,,,,,,,30,,,,,,0,,,,,,,,,,,,,,,,,,,,,,,,,,,,
2013-09-18,W300BQYG,ST4000DM000,4000787030016,0,,235026256,,,,,,,,0,,,,,,1571,,,,,,,,,,,,,,,,,,,,,,,,,,,,,,22,,,,,,0,,,,,,,,,,,,,,,,,,,,,,,,,,,,
2013-09-18,Z300GPN6,ST4000DM000,4000787030016,0,,18291624,,,,,,,,0,,,,,,1567,,,,,,,,,,,,,,,,,,,,,,,,,,,,,,23,,,,,,0,,,,,,,,,,,,,,,,,,,,,,,,,,,,
2013-09-18,Z300GPN7,ST4000DM000,4000787030016,0,,240339392,,,,,,,,0,,,,,,1566,,,,,,,,,,,,,,,,,,,,,,,,,,,,,,22,,,,,,0,,,,,,,,,,,,,,,,,,,,,,,,,,,,
2013-09-18,W300B6HX,ST4000DM000,4000787030016,0,,183878368,,,,,,,,0,,,,,,1570,,,,,,,,,,,,,,,,,,,,,,,,,,,,,,18,,,,,,0,,,,,,,,,,,,,,,,,,,,,,,,,,,,
2013-09-18,JK11A8B9J9D90F,Hitachi HDS722020ALA330,2000398934016,0,,0,,,,,,,,0,,,,,,22480,,,,,,,,,,,,,,,,,,,,,,,,,,,,,,26,,,,,,0,,,,,,,,,,,,,,,,,,,,,,,,,,,,
2013-09-18,W300BHKF,ST4000DM000,4000787030016,0,,45172504,,,,,,,,0,,,,,,1570,,,,,,,,,,,,,,,,,,,,,,,,,,,,,,22,,,,,,0,,,,,,,,,,,,,,,,,,,,,,,,,,,,
2013-09-18,Z300GPEW,ST4000DM000,4000787030016,0,,14506480,,,,,,,,0,,,,,,1566,,,,,,,,,,,,,,,,,,,,,,,,,,,,,,24,,,,,,0,,,,,,,,,,,,,,,,,,,,,,,,,,,,
2013-09-18,W300B31G,ST4000DM000,4000787030016,0,,227371944,,,,,,,,0,,,,,,1570,,,,,,,,,,,,,,,,,,,,,,,,,,,,,,19,,,,,,0,,,,,,,,,,,,,,,,,,,,,,,,,,,,
2013-09-18,W3006DH6,ST4000DM000,4000787030016,0,,103655248,,,,,,,,0,,,,,,905,,,,,,,,,,,,,,,,,,,,,,,,,,,,,,22,,,,,,0,,,,,,,,,,,,,,,,,,,,,,,,,,,,
2013-09-18,W300CY3R,ST4000DM000,4000787030016,0,,59189720,,,,,,,,0,,,,,,2119,,,,,,,,,,,,,,,,,,,,,,,,,,,,,,22,,,,,,0,,,,,,,,,,,,,,,,,,,,,,,,,,,,
2013-09-18,W300E19W,ST4000DM000,4000787030016,0,,200350632,,,,,,,,0,,,,,,2273,,,,,,,,,,,,,,,,,,,,,,,,,,,,,,21,,,,,,0,,,,,,,,,,,,,,,,,,,,,,,,,,,,
2013-09-18,PL1321LAGAXHXH,Hitachi HDS5C4040ALE630,4000787030016,0,,0,,,,,,,,0,,,,,,3071,,,,,,,,,,,,,,,,,,,,,,,,,,,,,,27,,,,,,0,,,,,,,,,,,,,,,,,,,,,,,,,,,,
2013-09-18,PL1321LAGAEDXH,Hitachi HDS5C4040ALE630,4000787030016,0,,0,,,,,,,,0,,,,,,3067,,,,,,,,,,,,,,,,,,,,,,,,,,,,,,32,,,,,,0,,,,,,,,,,,,,,,,,,,,,,,,,,,,
2013-09-18,W300JV0L,ST4000DM000,4000787030016,0,,60798048,,,,,,,,0,,,,,,859,,,,,,,,,,,,,,,,,,,,,,,,,,,,,,20,,,,,,0,,,,,,,,,,,,,,,,,,,,,,,,,,,,
2013-09-18,JK11A8B9J8H3EF,Hitachi HDS722020ALA330,2000398934016,0,,0,,,,,,,,0,,,,,,22480,,,,,,,,,,,,,,,,,,,,,,,,,,,,,,27,,,,,,0,,,,,,,,,,,,,,,,,,,,,,,,,,,,
2013-09-18,W3009FB2,ST4000DM000,4000787030016,0,,22889048,,,,,,,,0,,,,,,2122,,,,,,,,,,,,,,,,,,,,,,,,,,,,,,20,,,,,,0,,,,,,,,,,,,,,,,,,,,,,,,,,,,
2013-09-18,W3005RYL,ST4000DM000,4000787030016,0,,58822032,,,,,,,,0,,,,,,886,,,,,,,,,,,,,,,,,,,,,,,,,,,,,,24,,,,,,0,,,,,,,,,,,,,,,,,,,,,,,,,,,,
2013-09-18,W1F1NS0C,ST3000DM001,3000592982016,0,,45286984,,,,,,,,0,,,,,,6003,,,,,,,,,,,,,,,,,,,,,,,,,,,,,,25,,,,,,0,,,,,,,,,,,,,,,,,,,,,,,,,,,,
2013-09-18,Z300GZ8P,ST4000DM000,4000787030016,0,,33223392,,,,,,,,0,,,,,,1566,,,,,,,,,,,,,,,,,,,,,,,,,,,,,,19,,,,,,0,,,,,,,,,,,,,,,,,,,,,,,,,,,,
2013-09-18,W3008Q31,ST4000DM000,4000787030016,0,,115067016,,,,,,,,0,,,,,,2119,,,,,,,,,,,,,,,,,,,,,,,,,,,,,,20,,,,,,0,,,,,,,,,,,,,,,,,,,,,,,,,,,,
2013-09-18,Z300HM4X,ST4000DM000,4000787030016,0,,65802192,,,,,,,,0,,,,,,838,,,,,,,,,,,,,,,,,,,,,,,,,,,,,,23,,,,,,0,,,,,,,,,,,,,,,,,,,,,,,,,,,,
2013-09-18,Z300GYPT,ST4000DM000,4000787030016,0,,215624904,,,,,,,,0,,,,,,1566,,,,,,,,,,,,,,,,,,,,,,,,,,,,,,23,,,,,,0,,,,,,,,,,,,,,,,,,,,,,,,,,,,
2013-09-18,Z300GZ8T,ST4000DM000,4000787030016,0,,176884696,,,,,,,,0,,,,,,1569,,,,,,,,,,,,,,,,,,,,,,,,,,,,,,17,,,,,,0,,,,,,,,,,,,,,,,,,,,,,,,,,,,
2013-09-18,Z300GZ8Z,ST4000DM000,4000787030016,0,,231876680,,,,,,,,0,,,,,,1565,,,,,,,,,,,,,,,,,,,,,,,,,,,,,,19,,,,,,0,,,,,,,,,,,,,,,,,,,,,,,,,,,,
2013-09-18,Z300GZ8X,ST4000DM000,4000787030016,0,,27676328,,,,,,,,0,,,,,,1566,,,,,,,,,,,,,,,,,,,,,,,,,,,,,,26,,,,,,0,,,,,,,,,,,,,,,,,,,,,,,,,,,,
2013-09-18,Z300GQ02,ST4000DM000,4000787030016,0,,74146368,,,,,,,,0,,,,,,1567,,,,,,,,,,,,,,,,,,,,,,,,,,,,,,25,,,,,,0,,,,,,,,,,,,,,,,,,,,,,,,,,,,
2013-09-18,Z300GYY6,ST4000DM000,4000787030016,0,,133746192,,,,,,,,0,,,,,,1635,,,,,,,,,,,,,,,,,,,,,,,,,,,,,,28,,,,,,0,,,,,,,,,,,,,,,,,,,,,,,,,,,,
2013-09-18,W300E0GP,ST4000DM000,4000787030016,0,,43646072,,,,,,,,0,,,,,,2122,,,,,,,,,,,,,,,,,,,,,,,,,,,,,,22,,,,,,0,,,,,,,,,,,,,,,,,,,,,,,,,,,,
2013-09-18,Z300GYPF,ST4000DM000,4000787030016,0,,178073984,,,,,,,,0,,,,,,1571,,,,,,,,,,,,,,,,,,,,,,,,,,,,,,27,,,,,,0,,,,,,,,,,,,,,,,,,,,,,,,,,,,
2013-09-18,Z300MHCJ,ST4000DM000,4000787030016,0,,19145928,,,,,,,,0,,,,,,838,,,,,,,,,,,,,,,,,,,,,,,,,,,,,,23,,,,,,0,,,,,,,,,,,,,,,,,,,,,,,,,,,,
2013-09-18,Z300GZ8H,ST4000DM000,4000787030016,0,,6112072,,,,,,,,0,,,,,,1566,,,,,,,,,,,,,,,,,,,,,,,,,,,,,,21,,,,,,0,,,,,,,,,,,,,,,,,,,,,,,,,,,,
2013-09-18,PL1321LAGAR6JH,Hitachi HDS5C4040ALE630,4000787030016,0,,0,,,,,,,,0,,,,,,3071,,,,,,,,,,,,,,,,,,,,,,,,,,,,,,28,,,,,,0,,,,,,,,,,,,,,,,,,,,,,,,,,,,
2013-09-18,W3006LZF,ST4000DM000,4000787030016,0,,158356536,,,,,,,,0,,,,,,858,,,,,,,,,,,,,,,,,,,,,,,,,,,,,,16,,,,,,0,,,,,,,,,,,,,,,,,,,,,,,,,,,,
2013-09-18,W3005RPF,ST4000DM000,4000787030016,0,,113873624,,,,,,,,0,,,,,,886,,,,,,,,,,,,,,,,,,,,,,,,,,,,,,23,,,,,,0,,,,,,,,,,,,,,,,,,,,,,,,,,,,
2013-09-18,Z300HRCH,ST4000DM000,4000787030016,0,,127868312,,,,,,,,0,,,,,,838,,,,,,,,,,,,,,,,,,,,,,,,,,,,,,23,,,,,,0,,,,,,,,,,,,,,,,,,,,,,,,,,,,
2013-09-18,Z300GPYH,ST4000DM000,4000787030016,0,,42966328,,,,,,,,0,,,,,,1566,,,,,,,,,,,,,,,,,,,,,,,,,,,,,,21,,,,,,0,,,,,,,,,,,,,,,,,,,,,,,,,,,,
2013-09-18,Z300GQ27,ST4000DM000,4000787030016,0,,98498320,,,,,,,,0,,,,,,1566,,,,,,,,,,,,,,,,,,,,,,,,,,,,,,23,,,,,,0,,,,,,,,,,,,,,,,,,,,,,,,,,,,
2013-09-18,Z1F18YST,ST3000DM001,3000592982016,0,,61077712,,,,,,,,0,,,,,,6006,,,,,,,,,,,,,,,,,,,,,,,,,,,,,,25,,,,,,0,,,,,,,,,,,,,,,,,,,,,,,,,,,,
2013-09-18,Z300GPYA,ST4000DM000,4000787030016,0,,46458808,,,,,,,,0,,,,,,1566,,,,,,,,,,,,,,,,,,,,,,,,,,,,,,18,,,,,,0,,,,,,,,,,,,,,,,,,,,,,,,,,,,
2013-09-18,PL1331LAGB4WHH,Hitachi HDS5C4040ALE630,4000787030016,0,,0,,,,,,,,0,,,,,,3071,,,,,,,,,,,,,,,,,,,,,,,,,,,,,,29,,,,,,0,,,,,,,,,,,,,,,,,,,,,,,,,,,,
2013-09-18,W3006MEJ,ST4000DM000,4000787030016,0,,170591592,,,,,,,,0,,,,,,837,,,,,,,,,,,,,,,,,,,,,,,,,,,,,,20,,,,,,0,,,,,,,,,,,,,,,,,,,,,,,,,,,,
2013-09-18,W1F0A2J2,ST3000DM001,3000592982016,0,,181407184,,,,,,,,0,,,,,,12691,,,,,,,,,,,,,,,,,,,,,,,,,,,,,,23,,,,,,0,,,,,,,,,,,,,,,,,,,,,,,,,,,,
2013-09-18,W300B6W3,ST4000DM000,4000787030016,0,,235812992,,,,,,,,0,,,,,,1570,,,,,,,,,,,,,,,,,,,,,,,,,,,,,,21,,,,,,0,,,,,,,,,,,,,,,,,,,,,,,,,,,,
2013-09-18,W300BBV0,ST4000DM000,4000787030016,0,,55175320,,,,,,,,0,,,,,,1571,,,,,,,,,,,,,,,,,,,,,,,,,,,,,,24,,,,,,0,,,,,,,,,,,,,,,,,,,,,,,,,,,,
2013-09-18,W300D4N7,ST4000DM000,4000787030016,0,,160697864,,,,,,,,0,,,,,,2123,,,,,,,,,,,,,,,,,,,,,,,,,,,,,,23,,,,,,0,,,,,,,,,,,,,,,,,,,,,,,,,,,,
2013-09-18,W300BD2K,ST4000DM000,4000787030016,0,,161981152,,,,,,,,0,,,,,,2119,,,,,,,,,,,,,,,,,,,,,,,,,,,,,,22,,,,,,0,,,,,,,,,,,,,,,,,,,,,,,,,,,,
2013-09-18,Z300GPW8,ST4000DM000,4000787030016,0,,62190280,,,,,,,,0,,,,,,1567,,,,,,,,,,,,,,,,,,,,,,,,,,,,,,23,,,,,,0,,,,,,,,,,,,,,,,,,,,,,,,,,,,
2013-09-18,W300D522,ST4000DM000,4000787030016,0,,173171328,,,,,,,,0,,,,,,2119,,,,,,,,,,,,,,,,,,,,,,,,,,,,,,20,,,,,,0,,,,,,,,,,,,,,,,,,,,,,,,,,,,
2013-09-18,W1F09BH2,ST3000DM001,3000592982016,0,,240240584,,,,,,,,0,,,,,,12696,,,,,,,,,,,,,,,,,,,,,,,,,,,,,,22,,,,,,0,,,,,,,,,,,,,,,,,,,,,,,,,,,,
2013-09-18,MJ1311YNG3EH1A,Hitachi HDS5C3030ALA630,3000592982016,0,,0,,,,,,,,0,,,,,,17303,,,,,,,,,,,,,,,,,,,,,,,,,,,,,,29,,,,,,0,,,,,,,,,,,,,,,,,,,,,,,,,,,,
2013-09-18,Z300GQ2Z,ST4000DM000,4000787030016,0,,215849128,,,,,,,,0,,,,,,1571,,,,,,,,,,,,,,,,,,,,,,,,,,,,,,26,,,,,,0,,,,,,,,,,,,,,,,,,,,,,,,,,,,
2013-09-18,MJ1323YNG1TL1C,Hitachi HDS5C3030ALA630,3000592982016,0,,1703946,,,,,,,,0,,,,,,17303,,,,,,,,,,,,,,,,,,,,,,,,,,,,,,30,,,,,,0,,,,,,,,,,,,,,,,,,,,,,,,,,,,
2013-09-18,S1F1162D,ST3000DM001,3000592982016,0,,227367224,,,,,,,,0,,,,,,6005,,,,,,,,,,,,,,,,,,,,,,,,,,,,,,23,,,,,,0,,,,,,,,,,,,,,,,,,,,,,,,,,,,
2013-09-18,W3006DL6,ST4000DM000,4000787030016,0,,225414840,,,,,,,,0,,,,,,858,,,,,,,,,,,,,,,,,,,,,,,,,,,,,,17,,,,,,0,,,,,,,,,,,,,,,,,,,,,,,,,,,,
2013-09-18,W3006N9Z,ST4000DM000,4000787030016,0,,156840736,,,,,,,,0,,,,,,859,,,,,,,,,,,,,,,,,,,,,,,,,,,,,,19,,,,,,0,,,,,,,,,,,,,,,,,,,,,,,,,,,,
2013-09-18,Z300GQ2A,ST4000DM000,4000787030016,0,,213564624,,,,,,,,0,,,,,,1635,,,,,,,,,,,,,,,,,,,,,,,,,,,,,,27,,,,,,0,,,,,,,,,,,,,,,,,,,,,,,,,,,,
2013-09-18,W300BRC4,ST4000DM000,4000787030016,0,,117602328,,,,,,,,0,,,,,,1571,,,,,,,,,,,,,,,,,,,,,,,,,,,,,,23,,,,,,0,,,,,,,,,,,,,,,,,,,,,,,,,,,,
2013-09-18,W3008Y95,ST4000DM000,4000787030016,0,,36161360,,,,,,,,0,,,,,,2119,,,,,,,,,,,,,,,,,,,,,,,,,,,,,,19,,,,,,0,,,,,,,,,,,,,,,,,,,,,,,,,,,,
2013-09-18,W300BR1P,ST4000DM000,4000787030016,0,,191874592,,,,,,,,0,,,,,,1570,,,,,,,,,,,,,,,,,,,,,,,,,,,,,,19,,,,,,0,,,,,,,,,,,,,,,,,,,,,,,,,,,,
2013-09-18,MJ1321YNG0G1EA,Hitachi HDS5C3030ALA630,3000592982016,0,,0,,,,,,,,0,,,,,,17303,,,,,,,,,,,,,,,,,,,,,,,,,,,,,,29,,,,,,0,,,,,,,,,,,,,,,,,,,,,,,,,,,,
2013-09-18,PL2321LAGASNPJ,Hitachi HDS5C4040ALE630,4000787030016,0,,0,,,,,,,,0,,,,,,3067,,,,,,,,,,,,,,,,,,,,,,,,,,,,,,32,,,,,,0,,,,,,,,,,,,,,,,,,,,,,,,,,,,
2013-09-18,Z300GYYD,ST4000DM000,4000787030016,0,,33927152,,,,,,,,0,,,,,,1635,,,,,,,,,,,,,,,,,,,,,,,,,,,,,,27,,,,,,0,,,,,,,,,,,,,,,,,,,,,,,,,,,,
2013-09-18,Z300GZ81,ST4000DM000,4000787030016,0,,202002696,,,,,,,,0,,,,,,1571,,,,,,,,,,,,,,,,,,,,,,,,,,,,,,27,,,,,,0,,,,,,,,,,,,,,,,,,,,,,,,,,,,
2013-09-18,W300B2L0,ST4000DM000,4000787030016,0,,231634680,,,,,,,,0,,,,,,1570,,,,,,,,,,,,,,,,,,,,,,,,,,,,,,21,,,,,,0,,,,,,,,,,,,,,,,,,,,,,,,,,,,
2013-09-18,Z300GPPY,ST4000DM000,4000787030016,0,,2106600,,,,,,,,0,,,,,,1565,,,,,,,,,,,,,,,,,,,,,,,,,,,,,,22,,,,,,0,,,,,,,,,,,,,,,,,,,,,,,,,,,,
2013-09-18,W1F0XKWR,ST3000DM001,3000592982016,0,,97196520,,,,,,,,0,,,,,,6028,,,,,,,,,,,,,,,,,,,,,,,,,,,,,,25,,,,,,0,,,,,,,,,,,,,,,,,,,,,,,,,,,,
2013-09-18,Z300GYYK,ST4000DM000,4000787030016,0,,234468112,,,,,,,,0,,,,,,1565,,,,,,,,,,,,,,,,,,,,,,,,,,,,,,21,,,,,,0,,,,,,,,,,,,,,,,,,,,,,,,,,,,
2013-09-18,Z300GYYV,ST4000DM000,4000787030016,0,,112297096,,,,,,,,0,,,,,,1566,,,,,,,,,,,,,,,,,,,,,,,,,,,,,,20,,,,,,0,,,,,,,,,,,,,,,,,,,,,,,,,,,,
2013-09-18,Z300GZAV,ST4000DM000,4000787030016,0,,218978600,,,,,,,,0,,,,,,1635,,,,,,,,,,,,,,,,,,,,,,,,,,,,,,27,,,,,,0,,,,,,,,,,,,,,,,,,,,,,,,,,,,
2013-09-18,W1F13SRV,ST3000DM001,3000592982016,0,,28780064,,,,,,,,0,,,,,,6027,,,,,,,,,,,,,,,,,,,,,,,,,,,,,,27,,,,,,0,,,,,,,,,,,,,,,,,,,,,,,,,,,,
2013-09-18,W1F1CLJG,ST3000DM001,3000592982016,0,,135018520,,,,,,,,0,,,,,,6006,,,,,,,,,,,,,,,,,,,,,,,,,,,,,,21,,,,,,0,,,,,,,,,,,,,,,,,,,,,,,,,,,,
2013-09-18,Z300GQ96,ST4000DM000,4000787030016,0,,93481496,,,,,,,,0,,,,,,1569,,,,,,,,,,,,,,,,,,,,,,,,,,,,,,19,,,,,,0,,,,,,,,,,,,,,,,,,,,,,,,,,,,
2013-09-18,Z300MWBB,ST4000DM000,4000787030016,0,,18608544,,,,,,,,0,,,,,,837,,,,,,,,,,,,,,,,,,,,,,,,,,,,,,21,,,,,,0,,,,,,,,,,,,,,,,,,,,,,,,,,,,
2013-09-18,Z1F1A0LM,ST3000DM001,3000592982016,0,,218895696,,,,,,,,0,,,,,,6007,,,,,,,,,,,,,,,,,,,,,,,,,,,,,,26,,,,,,0,,,,,,,,,,,,,,,,,,,,,,,,,,,,
2013-09-18,PL1331LAGB2H3H,Hitachi HDS5C4040ALE630,4000787030016,0,,0,,,,,,,,0,,,,,,3067,,,,,,,,,,,,,,,,,,,,,,,,,,,,,,32,,,,,,0,,,,,,,,,,,,,,,,,,,,,,,,,,,,
2013-09-18,W3001XRH,ST4000DM000,4000787030016,0,,115605608,,,,,,,,0,,,,,,858,,,,,,,,,,,,,,,,,,,,,,,,,,,,,,15,,,,,,0,,,,,,,,,,,,,,,,,,,,,,,,,,,,
2013-09-18,PL1331LAGBG8GH,Hitachi HDS5C4040ALE630,4000787030016,0,,0,,,,,,,,0,,,,,,3067,,,,,,,,,,,,,,,,,,,,,,,,,,,,,,32,,,,,,0,,,,,,,,,,,,,,,,,,,,,,,,,,,,
2013-09-18,PL1321LAGAYRVH,Hitachi HDS5C4040ALE630,4000787030016,0,,0,,,,,,,,0,,,,,,3067,,,,,,,,,,,,,,,,,,,,,,,,,,,,,,30,,,,,,0,,,,,,,,,,,,,,,,,,,,,,,,,,,,
2013-09-18,PL1321LAGAVXEH,Hitachi HDS5C4040ALE630,4000787030016,0,,0,,,,,,,,0,,,,,,3071,,,,,,,,,,,,,,,,,,,,,,,,,,,,,,27,,,,,,0,,,,,,,,,,,,,,,,,,,,,,,,,,,,
2013-09-18,W300JMWY,ST4000DM000,4000787030016,0,,110936056,,,,,,,,0,,,,,,858,,,,,,,,,,,,,,,,,,,,,,,,,,,,,,19,,,,,,0,,,,,,,,,,,,,,,,,,,,,,,,,,,,
2013-09-18,W300BHQE,ST4000DM000,4000787030016,0,,103832944,,,,,,,,0,,,,,,1570,,,,,,,,,,,,,,,,,,,,,,,,,,,,,,21,,,,,,0,,,,,,,,,,,,,,,,,,,,,,,,,,,,
2013-09-18,W300BT0J,ST4000DM000,4000787030016,0,,114367672,,,,,,,,0,,,,,,2118,,,,,,,,,,,,,,,,,,,,,,,,,,,,,,21,,,,,,0,,,,,,,,,,,,,,,,,,,,,,,,,,,,
2013-09-18,W300BBQD,ST4000DM000,4000787030016,0,,157883640,,,,,,,,0,,,,,,1593,,,,,,,,,,,,,,,,,,,,,,,,,,,,,,23,,,,,,0,,,,,,,,,,,,,,,,,,,,,,,,,,,,
2013-09-18,W300BDP6,ST4000DM000,4000787030016,0,,33237968,,,,,,,,0,,,,,,2273,,,,,,,,,,,,,,,,,,,,,,,,,,,,,,21,,,,,,0,,,,,,,,,,,,,,,,,,,,,,,,,,,,
2013-09-18,W300AZEP,ST4000DM000,4000787030016,0,,53060960,,,,,,,,0,,,,,,2272,,,,,,,,,,,,,,,,,,,,,,,,,,,,,,23,,,,,,0,,,,,,,,,,,,,,,,,,,,,,,,,,,,
2013-09-18,W300B6ER,ST4000DM000,4000787030016,0,,38243368,,,,,,,,0,,,,,,1570,,,,,,,,,,,,,,,,,,,,,,,,,,,,,,20,,,,,,0,,,,,,,,,,,,,,,,,,,,,,,,,,,,
2013-09-18,W3006E5B,ST4000DM000,4000787030016,0,,42833080,,,,,,,,0,,,,,,905,,,,,,,,,,,,,,,,,,,,,,,,,,,,,,22,,,,,,0,,,,,,,,,,,,,,,,,,,,,,,,,,,,
2013-09-18,W3006DHC,ST4000DM000,4000787030016,0,,160744960,,,,,,,,0,,,,,,906,,,,,,,,,,,,,,,,,,,,,,,,,,,,,,19,,,,,,0,,,,,,,,,,,,,,,,,,,,,,,,,,,,
2013-09-18,W300B60J,ST4000DM000,4000787030016,0,,212515896,,,,,,,,0,,,,,,1570,,,,,,,,,,,,,,,,,,,,,,,,,,,,,,22,,,,,,0,,,,,,,,,,,,,,,,,,,,,,,,,,,,
2013-09-18,W300CA6M,ST4000DM000,4000787030016,0,,150318264,,,,,,,,0,,,,,,2272,,,,,,,,,,,,,,,,,,,,,,,,,,,,,,19,,,,,,0,,,,,,,,,,,,,,,,,,,,,,,,,,,,
2013-09-18,W300506D,ST4000DM000,4000787030016,0,,72711920,,,,,,,,0,,,,,,905,,,,,,,,,,,,,,,,,,,,,,,,,,,,,,22,,,,,,0,,,,,,,,,,,,,,,,,,,,,,,,,,,,
2013-09-18,Z300GZCL,ST4000DM000,4000787030016,0,,30823688,,,,,,,,0,,,,,,1566,,,,,,,,,,,,,,,,,,,,,,,,,,,,,,21,,,,,,0,,,,,,,,,,,,,,,,,,,,,,,,,,,,
2013-09-18,Z300HLVP,ST4000DM000,4000787030016,0,,188915616,,,,,,,,0,,,,,,905,,,,,,,,,,,,,,,,,,,,,,,,,,,,,,18,,,,,,0,,,,,,,,,,,,,,,,,,,,,,,,,,,,
2013-09-18,JK11A8B9J79YGF,Hitachi HDS722020ALA330,2000398934016,0,,0,,,,,,,,0,,,,,,22479,,,,,,,,,,,,,,,,,,,,,,,,,,,,,,31,,,,,,0,,,,,,,,,,,,,,,,,,,,,,,,,,,,
2013-09-18,Z1F1653X,ST3000DM001,3000592982016,0,,76587512,,,,,,,,0,,,,,,6005,,,,,,,,,,,,,,,,,,,,,,,,,,,,,,29,,,,,,0,,,,,,,,,,,,,,,,,,,,,,,,,,,,
2013-09-18,S1F13MAM,ST3000DM001,3000592982016,0,,79472,,,,,,,,0,,,,,,6008,,,,,,,,,,,,,,,,,,,,,,,,,,,,,,27,,,,,,0,,,,,,,,,,,,,,,,,,,,,,,,,,,,
2013-09-18,W300BW9T,ST4000DM000,4000787030016,0,,175358496,,,,,,,,0,,,,,,2273,,,,,,,,,,,,,,,,,,,,,,,,,,,,,,21,,,,,,0,,,,,,,,,,,,,,,,,,,,,,,,,,,,
2013-09-18,W3000SKG,ST4000DM000,4000787030016,0,,118460832,,,,,,,,0,,,,,,859,,,,,,,,,,,,,,,,,,,,,,,,,,,,,,19,,,,,,0,,,,,,,,,,,,,,,,,,,,,,,,,,,,
2013-09-18,PL1321LAGABHGH,Hitachi HDS5C4040ALE630,4000787030016,0,,0,,,,,,,,0,,,,,,3067,,,,,,,,,,,,,,,,,,,,,,,,,,,,,,30,,,,,,0,,,,,,,,,,,,,,,,,,,,,,,,,,,,
2013-09-18,Z300GZ11,ST4000DM000,4000787030016,0,,227658008,,,,,,,,0,,,,,,1571,,,,,,,,,,,,,,,,,,,,,,,,,,,,,,26,,,,,,0,,,,,,,,,,,,,,,,,,,,,,,,,,,,
2013-09-18,W300D77N,ST4000DM000,4000787030016,0,,190964112,,,,,,,,0,,,,,,2122,,,,,,,,,,,,,,,,,,,,,,,,,,,,,,23,,,,,,0,,,,,,,,,,,,,,,,,,,,,,,,,,,,
2013-09-18,Z300GZ12,ST4000DM000,4000787030016,0,,157861192,,,,,,,,0,,,,,,1566,,,,,,,,,,,,,,,,,,,,,,,,,,,,,,23,,,,,,0,,,,,,,,,,,,,,,,,,,,,,,,,,,,
2013-09-18,W300EPV2,ST4000DM000,4000787030016,0,,185259808,,,,,,,,0,,,,,,859,,,,,,,,,,,,,,,,,,,,,,,,,,,,,,19,,,,,,0,,,,,,,,,,,,,,,,,,,,,,,,,,,,
2013-09-18,PL2311LAG1PJJC,Hitachi HDS5C4040ALE630,4000787030016,0,,0,,,,,,,,0,,,,,,659,,,,,,,,,,,,,,,,,,,,,,,,,,,,,,24,,,,,,0,,,,,,,,,,,,,,,,,,,,,,,,,,,,
2013-09-18,W3005ZGS,ST4000DM000,4000787030016,0,,199693808,,,,,,,,0,,,,,,886,,,,,,,,,,,,,,,,,,,,,,,,,,,,,,23,,,,,,0,,,,,,,,,,,,,,,,,,,,,,,,,,,,
2013-09-18,W1F1C9HM,ST3000DM001,3000592982016,0,,96182552,,,,,,,,0,,,,,,6027,,,,,,,,,,,,,,,,,,,,,,,,,,,,,,26,,,,,,0,,,,,,,,,,,,,,,,,,,,,,,,,,,,
2013-09-18,Z300GZ1G,ST4000DM000,4000787030016,0,,230832336,,,,,,,,0,,,,,,1567,,,,,,,,,,,,,,,,,,,,,,,,,,,,,,25,,,,,,0,,,,,,,,,,,,,,,,,,,,,,,,,,,,
2013-09-18,Z300GQ86,ST4000DM000,4000787030016,0,,65665760,,,,,,,,0,,,,,,1567,,,,,,,,,,,,,,,,,,,,,,,,,,,,,,22,,,,,,0,,,,,,,,,,,,,,,,,,,,,,,,,,,,
2013-09-18,Z300GZ1B,ST4000DM000,4000787030016,0,,191779456,,,,,,,,0,,,,,,1569,,,,,,,,,,,,,,,,,,,,,,,,,,,,,,21,,,,,,0,,,,,,,,,,,,,,,,,,,,,,,,,,,,
2013-09-18,W3004VYG,ST4000DM000,4000787030016,0,,75820096,,,,,,,,0,,,,,,858,,,,,,,,,,,,,,,,,,,,,,,,,,,,,,17,,,,,,0,,,,,,,,,,,,,,,,,,,,,,,,,,,,
2013-09-18,W300JVHF,ST4000DM000,4000787030016,0,,51466352,,,,,,,,0,,,,,,859,,,,,,,,,,,,,,,,,,,,,,,,,,,,,,20,,,,,,0,,,,,,,,,,,,,,,,,,,,,,,,,,,,
2013-09-18,JK11A8B9J5UL8F,Hitachi HDS722020ALA330,2000398934016,0,,0,,,,,,,,0,,,,,,22480,,,,,,,,,,,,,,,,,,,,,,,,,,,,,,28,,,,,,0,,,,,,,,,,,,,,,,,,,,,,,,,,,,
2013-09-18,MJ1323YNG1MAJC,Hitachi HDS5C3030ALA630,3000592982016,0,,0,,,,,,,,0,,,,,,17303,,,,,,,,,,,,,,,,,,,,,,,,,,,,,,31,,,,,,0,,,,,,,,,,,,,,,,,,,,,,,,,,,,
2013-09-18,W1F0A4QD,ST3000DM001,3000592982016,0,,208977448,,,,,,,,0,,,,,,12692,,,,,,,,,,,,,,,,,,,,,,,,,,,,,,25,,,,,,0,,,,,,,,,,,,,,,,,,,,,,,,,,,,
2013-09-18,Z300GPB1,ST4000DM000,4000787030016,0,,19495512,,,,,,,,0,,,,,,1566,,,,,,,,,,,,,,,,,,,,,,,,,,,,,,25,,,,,,0,,,,,,,,,,,,,,,,,,,,,,,,,,,,
2013-09-18,W300B606,ST4000DM000,4000787030016,0,,54007816,,,,,,,,0,,,,,,1571,,,,,,,,,,,,,,,,,,,,,,,,,,,,,,22,,,,,,0,,,,,,,,,,,,,,,,,,,,,,,,,,,,
2013-09-18,Z1F147WQ,ST3000DM001,3000592982016,0,,74674904,,,,,,,,0,,,,,,6005,,,,,,,,,,,,,,,,,,,,,,,,,,,,,,27,,,,,,0,,,,,,,,,,,,,,,,,,,,,,,,,,,,
2013-09-18,W3006NKQ,ST4000DM000,4000787030016,0,,83973888,,,,,,,,0,,,,,,837,,,,,,,,,,,,,,,,,,,,,,,,,,,,,,21,,,,,,0,,,,,,,,,,,,,,,,,,,,,,,,,,,,
2013-09-18,W1F08HAV,ST3000DM001,3000592982016,0,,142992440,,,,,,,,0,,,,,,12690,,,,,,,,,,,,,,,,,,,,,,,,,,,,,,25,,,,,,0,,,,,,,,,,,,,,,,,,,,,,,,,,,,
2013-09-18,Z300MQZW,ST4000DM000,4000787030016,0,,203004704,,,,,,,,0,,,,,,887,,,,,,,,,,,,,,,,,,,,,,,,,,,,,,26,,,,,,0,,,,,,,,,,,,,,,,,,,,,,,,,,,,
2013-09-18,W1F1354W,ST3000DM001,3000592982016,0,,154007048,,,,,,,,0,,,,,,5690,,,,,,,,,,,,,,,,,,,,,,,,,,,,,,28,,,,,,0,,,,,,,,,,,,,,,,,,,,,,,,,,,,
2013-09-18,Z300HQ9R,ST4000DM000,4000787030016,0,,115348600,,,,,,,,0,,,,,,886,,,,,,,,,,,,,,,,,,,,,,,,,,,,,,24,,,,,,0,,,,,,,,,,,,,,,,,,,,,,,,,,,,
2013-09-18,PL1311LAG28S2H,Hitachi HDS5C4040ALE630,4000787030016,0,,0,,,,,,,,0,,,,,,2327,,,,,,,,,,,,,,,,,,,,,,,,,,,,,,24,,,,,,0,,,,,,,,,,,,,,,,,,,,,,,,,,,,
2013-09-18,Z300GZ6P,ST4000DM000,4000787030016,0,,217990960,,,,,,,,0,,,,,,1567,,,,,,,,,,,,,,,,,,,,,,,,,,,,,,24,,,,,,0,,,,,,,,,,,,,,,,,,,,,,,,,,,,
2013-09-18,W300BT02,ST4000DM000,4000787030016,0,,128374832,,,,,,,,0,,,,,,2119,,,,,,,,,,,,,,,,,,,,,,,,,,,,,,20,,,,,,0,,,,,,,,,,,,,,,,,,,,,,,,,,,,
2013-09-18,W3008L6X,ST4000DM000,4000787030016,0,,16141176,,,,,,,,0,,,,,,2273,,,,,,,,,,,,,,,,,,,,,,,,,,,,,,21,,,,,,0,,,,,,,,,,,,,,,,,,,,,,,,,,,,
2013-09-18,Z300GQ0W,ST4000DM000,4000787030016,0,,108512832,,,,,,,,0,,,,,,1566,,,,,,,,,,,,,,,,,,,,,,,,,,,,,,21,,,,,,0,,,,,,,,,,,,,,,,,,,,,,,,,,,,
2013-09-18,Z300GQK1,ST4000DM000,4000787030016,0,,7899560,,,,,,,,0,,,,,,1571,,,,,,,,,,,,,,,,,,,,,,,,,,,,,,27,,,,,,0,,,,,,,,,,,,,,,,,,,,,,,,,,,,
2013-09-18,Z300MPZX,ST4000DM000,4000787030016,0,,19497488,,,,,,,,0,,,,,,906,,,,,,,,,,,,,,,,,,,,,,,,,,,,,,21,,,,,,0,,,,,,,,,,,,,,,,,,,,,,,,,,,,
2013-09-18,W300B30Z,ST4000DM000,4000787030016,0,,184950776,,,,,,,,0,,,,,,1571,,,,,,,,,,,,,,,,,,,,,,,,,,,,,,21,,,,,,0,,,,,,,,,,,,,,,,,,,,,,,,,,,,
2013-09-18,Z300HQ9H,ST4000DM000,4000787030016,0,,48281184,,,,,,,,0,,,,,,905,,,,,,,,,,,,,,,,,,,,,,,,,,,,,,21,,,,,,0,,,,,,,,,,,,,,,,,,,,,,,,,,,,
